 175 179 180 179 178 180 179 180 181 177 176 177 178 176 173 169
 176 180 180 180 181 180 179 179 179 176 178 176 174 174 174 173
 177 179 178 180 178 180 179 179 177 176 175 175 174 173 173 170
 174 178 178 155  99  99  93  97  97  92  92  93 135 173 172 167
 176 177 178 129  29 125 129 124 127 121 123  46  95 171 172 169
 172 176 175 128  40 173 174 174 171 171 172  58  99 170 171 167
 170 173 174 127  40 169 167 167 168 168 166  52 103 169 171 167
 171 176 172 126  25  48  51  49  46  44  49  25  97 168 168 168
 171 174 173 118  34 167 170 170 170 168 165  48  97 168 167 164
 169 171 171 116  34 166 169 169 171 170 167  33  98 166 165 162
 167 169 170 121  30 138 136 134 135 132 133  28  98 167 164 162
 168 167 168 118  30  76  77  77  79  75  72  22 102 165 163 159
 167 170 169 145 100 166 167 168 167 166 165 128 150 164 161 156
 165 169 168 168 168 167 166 167 168 166 162 165 162 158 157 157
 163 165 164 165 166 165 164 165 164 162 158 159 157 159 158 157
 120 117 118 118 117 118 117 115 117 113 115 115 116 113 113 112
 166 171 170 170 171 172 171 172 171 168 169 169 168 169 168 168
 168 170 171 171 171 170 170 170 171 171 169 168 170 169 168 168
 169 170 170 169 169 169 170 169 169 168 166 166 167 169 169 167
 166 168 168 146  89  92  89  89  90  88  85  87 126 167 166 165
 166 169 169 122  20 115 118 114 118 114 114  40  86 166 164 164
 164 167 165 117  31 163 165 166 164 164 162  56  90 163 163 164
 165 165 164 120  32 161 162 162 162 163 159  52  93 162 163 163
 162 165 165 118  19  37  43  40  35  36  43  20  89 161 163 163
 162 163 163 111  26 160 160 160 160 160 158  46  89 161 161 160
 161 163 162 109  27 159 160 161 161 161 160  29  90 160 160 157
 159 162 161 114  25 132 133 130 131 131 132  28  90 159 159 157
 159 161 160 111  23  63  65  67  68  64  63  17  93 157 158 154
 158 161 161 135  86 158 159 161 160 160 159 117 139 157 157 155
 158 159 159 159 159 159 160 159 160 160 158 156 156 156 154 153
 157 156 157 157 156 157 157 158 158 156 156 154 154 154 153 149
 118 116 118 118 118 118 117 117 120 115 116 116 119 117 115 114
 156 155 155 153 155 155 153 152 152 152 152 149 147 146 147 149
 154 155 155 155 156 154 153 153 153 151 150 150 148 147 148 147
 157 154 154 152 152 153 152 153 151 151 150 151 150 149 147 147
 156 156 154 135  86  88  81  84  85  82  78  81 115 148 146 145
 155 154 155 111  24 105 108 102 106 103 103  38  80 145 145 146
 152 152 153 110  34 149 150 149 148 148 146  55  82 144 145 144
 153 153 151 111  33 149 147 148 146 144 143  51  85 144 145 144
 155 152 150 110  21  37  42  40  35  37  42  22  80 144 146 143
 152 152 151 103  28 144 148 147 147 144 144  45  80 143 144 143
 151 150 150 102  28 147 149 146 147 148 145  32  81 142 142 142
 150 148 148 106  28 125 123 122 120 120 121  28  83 142 142 140
 149 149 149 103  25  59  59  61  63  59  60  19  87 141 139 139
 149 150 147 126  82 146 149 147 146 145 145 108 124 139 141 139
 149 150 148 148 147 147 146 149 146 145 145 143 142 142 143 140
 146 147 146 147 144 146 146 147 145 145 145 144 141 137 139 139
 116 113 114 115 113 112 111 112 115 109 110 109 112 108 107 105

 169 173 170 167 169 167 167 168 164 162 162 159 156 157 157 112
 173 174 173 172 172 171 171 168 167 165 164 163 161 157 158 113
 176 174 173 173 171 170 169 168 168 166 167 165 164 158 159 113
 178 174 174 135  95  99 103  97  97  98  98 102 150 162 157 116
 177 176 175  93  46  58  52  25  48  33  28  22 128 165 159 115
 176 178 175  92 123 172 166  49 165 167 133  72 165 162 158 115
 177 176 176  92 121 171 168  44 168 170 132  75 166 166 162 113
 181 179 177  97 127 171 168  46 170 171 135  79 167 168 164 117
 180 179 179  97 124 174 167  49 170 169 134  77 168 167 165 115
 179 179 179  93 129 174 167  51 170 169 136  77 167 166 164 117
 180 180 180  99 125 173 169  48 167 166 138  76 166 167 165 118
 178 181 178  99  29  40  40  25  34  34  30  30 100 168 166 117
 179 180 180 155 129 128 127 126 118 116 121 118 145 168 165 118
 180 180 178 178 178 175 174 172 173 171 170 168 169 168 164 118
 179 180 179 178 177 176 173 176 174 171 169 167 170 169 165 117
 175 176 177 174 176 172 170 171 171 169 167 168 167 165 163 120
 168 168 167 165 164 164 163 163 160 157 157 154 155 153 149 114
 168 168 169 166 164 163 163 163 161 160 159 158 157 154 153 115
 169 169 169 167 166 163 162 161 161 160 159 157 157 156 154 117
 168 170 167 126  86  90  93  89  89  90  90  93 139 156 154 119
 169 168 166  87  40  56  52  20  46  29  28  17 117 156 154 116
 169 169 166  85 114 162 159  43 158 160 132  63 159 158 156 116
 168 171 168  88 114 164 163  36 160 161 131  64 160 160 156 115
 171 171 169  90 118 164 162  35 160 161 131  68 160 160 158 120
 172 170 169  89 114 166 162  40 160 161 130  67 161 159 158 117
 171 170 170  89 118 165 162  43 160 160 133  65 159 160 157 117
 172 170 169  92 115 163 161  37 160 159 132  63 158 159 157 118
 171 171 169  89  20  31  32  19  26  27  25  23  86 159 156 118
 170 171 169 146 122 117 120 118 111 109 114 111 135 159 157 118
 170 171 170 168 169 165 164 165 163 162 161 160 161 159 157 118
 171 170 170 168 169 167 165 165 163 163 162 161 161 159 156 116
 166 168 169 166 166 164 165 162 162 161 159 159 158 158 157 118
 149 147 147 145 146 144 144 143 143 142 140 139 139 140 139 105
 147 148 147 146 145 145 145 146 144 142 142 139 141 143 139 107
 146 147 149 148 145 144 144 144 143 142 142 141 139 142 137 108
 147 148 150 115  80  82  85  80  80  81  83  87 124 142 141 112
 149 150 151  81  38  55  51  22  45  32  28  19 108 143 144 109
 152 150 150  78 103 146 143  42 144 145 121  60 145 145 145 110
 152 151 151  82 103 148 144  37 144 148 120  59 145 145 145 109
 152 153 151  85 106 148 146  35 147 147 120  63 146 146 145 115
 152 153 153  84 102 149 148  40 147 146 122  61 147 149 147 112
 153 153 152  81 108 150 147  42 148 149 123  59 149 146 146 111
 155 154 153  88 105 149 149  37 144 147 125  59 146 147 146 112
 155 156 152  86  24  34  33  21  28  28  28  25  82 147 144 113
 153 155 152 135 111 110 111 110 103 102 106 103 126 148 147 115
 155 155 154 154 155 153 151 150 151 150 148 149 147 148 146 114
 155 155 154 156 154 152 153 152 152 150 148 149 150 150 147 113
 156 154 157 156 155 152 153 155 152 151 150 149 149 149 146 116

 112 113 113 116 115 115 113 117 115 117 118 117 118 118 117 120
 157 158 159 157 159 158 162 164 165 164 165 166 165 164 165 163
 157 157 158 162 165 162 166 168 167 166 167 168 168 168 169 165
 156 161 164 150 128 165 166 167 168 167 166 100 145 169 170 167
 159 163 165 102  22  72  75  79  77  77  76  30 118 168 167 168
 162 164 167  98  28 133 132 135 134 136 138  30 121 170 169 167
 162 165 166  98  33 167 170 171 169 169 166  34 116 171 171 169
 164 167 168  97  48 165 168 170 170 170 167  34 118 173 174 171
 168 168 168  97  25  49  44  46  49  51  48  25 126 172 176 171
 167 171 169 103  52 166 168 168 167 167 169  40 127 174 173 170
 167 171 170  99  58 172 171 171 174 174 173  40 128 175 176 172
 169 172 171  95  46 123 121 127 124 129 125  29 129 178 177 176
 167 172 173 135  93  92  92  97  97  93  99  99 155 178 178 174
 170 173 173 174 175 175 176 177 179 179 180 178 180 178 179 177
 173 174 174 174 176 178 176 179 179 179 180 181 180 180 180 176
 169 173 176 178 177 176 177 181 180 179 180 178 179 180 179 175
 114 115 117 119 116 116 115 120 117 117 118 118 118 118 116 118
 149 153 154 154 154 156 156 158 158 157 157 156 157 157 156 157
 153 154 156 156 156 158 160 160 159 160 159 159 159 159 159 158
 155 157 157 139 117 159 160 160 161 159 158  86 135 161 161 158
 154 158 157  93  17  63  64  68  67  65  63  23 111 160 161 159
 157 159 159  90  28 132 131 131 130 133 132  25 114 161 162 159
 157 160 160  90  29 160 161 161 161 160 159  27 109 162 163 161
 160 161 161  89  46 158 160 160 160 160 160  26 111 163 163 162
 163 163 161  89  20  43  36  35  40  43  37  19 118 165 165 162
 163 163 162  93  52 159 163 162 162 162 161  32 120 164 165 165
 164 163 163  90  56 162 164 164 166 165 163  31 117 165 167 164
 164 164 166  86  40 114 114 118 114 118 115  20 122 169 169 166
 165 166 167 126  87  85  88  90  89  89  92  89 146 168 168 166
 167 169 169 167 166 166 168 169 169 170 169 169 169 170 170 169
 168 168 169 170 168 169 171 171 170 170 170 171 171 171 170 168
 168 168 169 168 169 169 168 171 172 171 172 171 170 170 171 166
 105 107 108 112 109 110 109 115 112 111 112 113 115 114 113 116
 139 139 137 141 144 145 145 145 147 146 146 144 147 146 147 146
 140 143 142 142 143 145 145 146 149 146 147 147 148 148 150 149
 139 141 139 124 108 145 145 146 147 149 146  82 126 147 150 149
 139 139 141  87  19  60  59  63  61  59  59  25 103 149 149 149
 140 142 142  83  28 121 120 120 122 123 125  28 106 148 148 150
 142 142 142  81  32 145 148 147 146 149 147  28 102 150 150 151
 143 144 143  80  45 144 144 147 147 148 144  28 103 151 152 152
 143 146 144  80  22  42  37  35  40  42  37  21 110 150 152 155
 144 145 144  85  51 143 144 146 148 147 149  33 111 151 153 153
 144 145 144  82  55 146 148 148 149 150 149  34 110 153 152 152
 146 145 145  80  38 103 103 106 102 108 105  24 111 155 154 155
 145 146 148 115  81  78  82  85  84  81  88  86 135 154 156 156
 147 147 149 150 151 150 151 151 153 152 153 152 152 154 154 157
 147 148 147 148 150 150 151 153 153 153 154 156 155 155 155 154
 149 147 146 147 149 152 152 152 152 153 155 155 153 155 155 156

 120 163 165 167 168 167 169 171 171 170 172 176 174 177 176 175
 117 165 169 170 167 169 171 174 176 173 176 177 178 179 180 179
 118 164 168 169 168 170 171 173 172 174 175 178 178 178 180 180
 118 165 168 145 118 121 116 118 126 127 128 129 155 180 180 179
 117 166 168 100  30  30  34  34  25  40  40  29  99 178 181 178
 118 165 167 166  76 138 166 167  48 169 173 125  99 180 180 180
 117 164 166 167  77 136 169 170  51 167 174 129  93 179 179 179
 115 165 167 168  77 134 169 170  49 167 174 124  97 179 179 180
 117 164 168 167  79 135 171 170  46 168 171 127  97 177 179 181
 113 162 166 166  75 132 170 168  44 168 171 121  92 176 176 177
 115 158 162 165  72 133 167 165  49 166 172 123  92 175 178 176
 115 159 165 128  22  28  33  48  25  52  58  46  93 175 176 177
 116 157 162 150 102  98  98  97  97 103  99  95 135 174 174 178
 113 159 158 164 165 167 166 168 168 169 170 171 173 173 174 176
 113 158 157 161 163 164 165 167 168 171 171 172 172 173 174 173
 112 157 157 156 159 162 162 164 168 167 167 169 167 170 173 169
 118 157 158 158 159 159 161 162 162 165 164 166 166 169 168 166
 116 156 159 161 161 162 163 163 165 165 167 169 168 170 170 171
 118 157 159 161 160 161 162 163 165 164 165 169 168 170 171 170
 118 157 159 135 111 114 109 111 118 120 117 122 146 169 171 170
 118 156 159  86  23  25  27  26  19  32  31  20  89 169 171 171
 118 157 159 158  63 132 159 160  37 161 163 115  92 169 170 172
 117 157 160 159  65 133 160 160  43 162 165 118  89 170 170 171
 117 158 159 161  67 130 161 160  40 162 166 114  89 169 170 172
 120 158 160 160  68 131 161 160  35 162 164 118  90 169 171 171
 115 156 160 160  64 131 161 160  36 163 164 114  88 168 171 168
 116 156 158 159  63 132 160 158  43 159 162 114  85 166 169 169
 116 154 156 117  17  28  29  46  20  52  56  40  87 166 168 169
 119 154 156 139  93  90  90  89  89  93  90  86 126 167 170 168
 117 154 156 157 157 159 160 161 161 162 163 166 167 169 169 169
 115 153 154 157 158 159 160 161 163 163 163 164 166 169 168 168
 114 149 153 155 154 157 157 160 163 163 164 164 165 167 168 168
 116 146 149 149 149 150 151 152 155 153 152 155 156 157 154 156
 113 147 150 150 149 148 150 152 152 153 152 154 156 154 155 155
 114 146 148 147 149 148 150 151 150 151 153 155 154 154 155 155
 115 147 148 126 103 106 102 103 110 111 110 111 135 152 155 153
 113 144 147  82  25  28  28  28  21  33  34  24  86 152 156 155
 112 146 147 146  59 125 147 144  37 149 149 105  88 153 154 155
 111 146 146 149  59 123 149 148  42 147 150 108  81 152 153 153
 112 147 149 147  61 122 146 147  40 148 149 102  84 153 153 152
 115 145 146 146  63 120 147 147  35 146 148 106  85 151 153 152
 109 145 145 145  59 120 148 144  37 144 148 103  82 151 151 152
 110 145 145 145  60 121 145 144  42 143 146 103  78 150 150 152
 109 144 143 108  19  28  32  45  22  51  55  38  81 151 150 149
 112 141 142 124  87  83  81  80  80  85  82  80 115 150 148 147
 108 137 142 139 141 142 142 143 144 144 144 145 148 149 147 146
 107 139 143 141 139 142 142 144 146 145 145 145 146 147 148 147
 105 139 140 139 139 140 142 143 143 144 144 146 145 147 147 149

