 184 185 184 182 184 183 179 178 182 180 179 179 176 178 180 161
 181 183 184 183 181 182 180 176 180 180 179 175 177 177 176 161
 179 182 180 181 180 179  82  74 175 177 163 110 153 176 174 160
 177 181 177 130 120 177 120  18 131 176 145  16 100 176 172 155
 176 177 175  83  26 154 172  32  50 171 134  14 106 172 173 156
 176 177 175 154  20  81 172  88  53 164 123  14 144 170 171 160
 173 174 171 171  55  27 168 165 169 169  92  21 164 169 168 151
 171 170 174 171 144 144 169 168 169 167  54  55 166 167 166 151
 169 170 171 171 170 168 170 168 167 132  15 105 164 163 164 145
 168 168 169 167 165 166 166 166 157  42  38 157 168 165 162 131
 166 169 167 168 165 164 163 145  47  20 131 163 163 164 162 133
 163 166 168 168 167 150  92  21  23 123 164 162 164 159 158 130
 161 166 162 166 165  73  17  60 141 164 164 160 160 159 157 129
 158 162 163 162 159 149 127 160 160 158 157 158 158 158 155 128
 155 159 159 162 158 158 157 156 160 158 156 155 154 154 153 129
 129 131 130 131 127 128 131 130 130 132 133 129 133 133 136 110
 174 174 174 173 173 173 171 171 174 172 171 171 170 172 169 156
 172 175 174 173 173 172 170 171 172 172 171 172 171 171 171 158
 172 173 172 171 170 170  78  72 168 171 158 113 151 169 170 156
 169 171 171 126 116 167 111  12 122 168 141  16  92 169 169 155
 166 170 167  71  20 149 165  27  44 166 131  15  98 165 165 152
 169 169 168 146  15  76 165  83  44 153 122  13 134 166 164 155
 166 167 168 165  50  21 160 159 160 163  93  18 153 163 163 151
 165 165 164 163 133 130 161 164 162 161  57  50 159 163 164 151
 162 163 164 163 162 162 162 162 161 132  17  96 159 162 162 146
 160 163 162 162 161 161 162 160 154  49  34 147 161 161 161 131
 159 162 161 161 161 159 160 146  55  18 119 159 161 160 158 132
 159 160 160 161 160 147  96  28  20 110 157 159 161 158 158 130
 157 159 161 159 157  69  14  49 130 155 158 157 157 157 158 132
 155 158 157 157 156 144 116 152 157 157 156 156 156 157 156 131
 153 158 156 156 157 156 155 155 156 155 156 156 155 155 154 130
 134 136 134 136 133 134 136 135 136 136 137 134 138 138 140 117
 162 159 163 160 157 157 155 154 156 155 154 154 152 153 152 140
 161 163 163 161 158 157 157 156 156 156 155 155 154 153 153 143
 160 162 160 161 156 157  77  71 153 155 144 105 138 153 151 140
 159 160 157 119 114 155 104  16 114 153 130  21  87 150 150 139
 159 160 159  70  23 140 152  27  47 149 121  19  90 149 149 138
 157 157 157 135  17  74 151  78  44 142 114  17 122 148 148 143
 154 155 154 155  48  24 150 148 146 149  88  20 138 148 147 134
 153 155 154 154 125 118 148 151 151 151  58  48 143 147 145 133
 152 154 154 153 152 151 152 149 150 123  20  90 146 148 148 133
 150 149 152 152 151 151 150 150 140  50  33 131 147 147 145 120
 151 151 152 149 146 149 148 137  55  22 108 143 144 147 144 120
 150 150 150 149 148 139  94  32  22  98 141 146 144 147 144 120
 147 150 149 147 148  71  19  48 115 140 144 145 146 145 143 123
 148 147 148 148 146 134 105 140 142 143 145 145 145 143 143 116
 144 146 146 147 147 144 143 146 142 144 143 143 140 140 143 121
 128 130 129 129 125 123 127 127 128 127 129 126 126 129 128 109

 161 161 160 155 156 160 151 151 145 131 133 130 129 128 129 110
 180 176 174 172 173 171 168 166 164 162 162 158 157 155 153 136
 178 177 176 176 172 170 169 167 163 165 164 159 159 158 154 133
 176 177 153 100 106 144 164 166 164 168 163 164 160 158 154 133
 179 175 110  16  14  14  21  55 105 157 163 162 160 158 155 129
 179 179 163 145 134 123  92  54  15  38 131 164 164 157 156 133
 180 180 177 176 171 164 169 167 132  42  20 123 164 158 158 132
 182 180 175 131  50  53 169 169 167 157  47  23 141 160 160 130
 178 176  74  18  32  88 165 168 168 166 145  21  60 160 156 130
 179 180  82 120 172 172 168 169 170 166 163  92  17 127 157 131
 183 182 179 177 154  81  27 144 168 166 164 150  73 149 158 128
 184 181 180 120  26  20  55 144 170 165 165 167 165 159 158 127
 182 183 181 130  83 154 171 171 171 167 168 168 166 162 162 131
 184 184 180 177 175 175 171 174 171 169 167 168 162 163 159 130
 185 183 182 181 177 177 174 170 170 168 169 166 166 162 159 131
 184 181 179 177 176 176 173 171 169 168 166 163 161 158 155 129
 156 158 156 155 152 155 151 151 146 131 132 130 132 131 130 117
 169 171 170 169 165 164 163 164 162 161 158 158 158 156 154 140
 172 171 169 169 165 166 163 163 162 161 160 158 157 157 155 138
 170 171 151  92  98 134 153 159 159 161 161 161 157 156 155 138
 171 172 113  16  15  13  18  50  96 147 159 159 157 156 156 134
 171 171 158 141 131 122  93  57  17  34 119 157 158 156 156 137
 172 172 171 168 166 153 163 161 132  49  18 110 155 157 155 136
 174 172 168 122  44  44 160 162 161 154  55  20 130 157 156 136
 171 171  72  12  27  83 159 164 162 160 146  28  49 152 155 135
 171 170  78 111 165 165 160 161 162 162 160  96  14 116 155 136
 173 172 170 167 149  76  21 130 162 161 159 147  69 144 156 134
 173 173 170 116  20  15  50 133 162 161 161 160 157 156 157 133
 173 173 171 126  71 146 165 163 163 162 161 161 159 157 156 136
 174 174 172 171 167 168 168 164 164 162 161 160 161 157 156 134
 174 175 173 171 170 169 167 165 163 163 162 160 159 158 158 136
 174 172 172 169 166 169 166 165 162 160 159 159 157 155 153 134
 140 143 140 139 138 143 134 133 133 120 120 120 123 116 121 109
 152 153 151 150 149 148 147 145 148 145 144 144 143 143 143 128
 153 153 153 150 149 148 148 147 148 147 147 147 145 143 140 129
 152 154 138  87  90 122 138 143 146 147 144 144 146 145 140 126
 154 155 105  21  19  17  20  48  90 131 143 146 145 145 143 126
 154 155 144 130 121 114  88  58  20  33 108 141 144 145 143 129
 155 156 155 153 149 142 149 151 123  50  22  98 140 143 144 127
 156 156 153 114  47  44 146 151 150 140  55  22 115 142 142 128
 154 156  71  16  27  78 148 151 149 150 137  32  48 140 146 127
 155 157  77 104 152 151 150 148 152 150 148  94  19 105 143 127
 157 157 157 155 140  74  24 118 151 151 149 139  71 134 144 123
 157 158 156 114  23  17  48 125 152 151 146 148 148 146 147 125
 160 161 161 119  70 135 155 154 153 152 149 149 147 148 147 129
 163 163 160 157 159 157 154 154 154 152 152 150 149 148 146 129
 159 163 162 160 160 157 155 155 154 149 151 150 150 147 146 130
 162 161 160 159 159 157 154 153 152 150 151 150 147 148 144 128

 110 136 133 133 129 133 132 130 130 131 128 127 131 130 131 129
 129 153 154 154 155 156 158 160 156 157 158 158 162 159 159 155
 128 155 158 158 158 157 158 160 160 127 149 159 162 163 162 158
 129 157 159 160 160 164 164 141  60  17  73 165 166 162 166 161
 130 158 159 164 162 164 123  23  21  92 150 167 168 168 166 163
 133 162 164 163 163 131  20  47 145 163 164 165 168 167 169 166
 131 162 165 168 157  38  42 157 166 166 166 165 167 169 168 168
 145 164 163 164 105  15 132 167 168 170 168 170 171 171 170 169
 151 166 167 166  55  54 167 169 168 169 144 144 171 174 170 171
 151 168 169 164  21  92 169 169 165 168  27  55 171 171 174 173
 160 171 170 144  14 123 164  53  88 172  81  20 154 175 177 176
 156 173 172 106  14 134 171  50  32 172 154  26  83 175 177 176
 155 172 176 100  16 145 176 131  18 120 177 120 130 177 181 177
 160 174 176 153 110 163 177 175  74  82 179 180 181 180 182 179
 161 176 177 177 175 179 180 180 176 180 182 181 183 184 183 181
 161 180 178 176 179 179 180 182 178 179 183 184 182 184 185 184
 117 140 138 138 134 137 136 136 135 136 134 133 136 134 136 134
 130 154 155 155 156 156 155 156 155 155 156 157 156 156 158 153
 131 156 157 156 156 156 157 157 152 116 144 156 157 157 158 155
 132 158 157 157 157 158 155 130  49  14  69 157 159 161 159 157
 130 158 158 161 159 157 110  20  28  96 147 160 161 160 160 159
 132 158 160 161 159 119  18  55 146 160 159 161 161 161 162 159
 131 161 161 161 147  34  49 154 160 162 161 161 162 162 163 160
 146 162 162 159  96  17 132 161 162 162 162 162 163 164 163 162
 151 164 163 159  50  57 161 162 164 161 130 133 163 164 165 165
 151 163 163 153  18  93 163 160 159 160  21  50 165 168 167 166
 155 164 166 134  13 122 153  44  83 165  76  15 146 168 169 169
 152 165 165  98  15 131 166  44  27 165 149  20  71 167 170 166
 155 169 169  92  16 141 168 122  12 111 167 116 126 171 171 169
 156 170 169 151 113 158 171 168  72  78 170 170 171 172 173 172
 158 171 171 171 172 171 172 172 171 170 172 173 173 174 175 172
 156 169 172 170 171 171 172 174 171 171 173 173 173 174 174 174
 109 128 129 126 126 129 127 128 127 127 123 125 129 129 130 128
 121 143 140 140 143 143 144 142 146 143 144 147 147 146 146 144
 116 143 143 145 145 145 143 142 140 105 134 146 148 148 147 148
 123 143 145 146 145 144 140 115  48  19  71 148 147 149 150 147
 120 144 147 144 146 141  98  22  32  94 139 148 149 150 150 150
 120 144 147 144 143 108  22  55 137 148 149 146 149 152 151 151
 120 145 147 147 131  33  50 140 150 150 151 151 152 152 149 150
 133 148 148 146  90  20 123 150 149 152 151 152 153 154 154 152
 133 145 147 143  48  58 151 151 151 148 118 125 154 154 155 153
 134 147 148 138  20  88 149 146 148 150  24  48 155 154 155 154
 143 148 148 122  17 114 142  44  78 151  74  17 135 157 157 157
 138 149 149  90  19 121 149  47  27 152 140  23  70 159 160 159
 139 150 150  87  21 130 153 114  16 104 155 114 119 157 160 159
 140 151 153 138 105 144 155 153  71  77 157 156 161 160 162 160
 143 153 153 154 155 155 156 156 156 157 157 158 161 163 163 161
 140 152 153 152 154 154 155 156 154 155 157 157 160 163 159 162

 129 155 158 161 163 166 168 169 171 173 176 176 177 179 181 184
 131 159 162 166 166 169 168 170 170 174 177 177 181 182 183 185
 130 159 163 162 168 167 169 171 174 171 175 175 177 180 184 184
 131 162 162 166 168 168 167 171 171 171 154  83 130 181 183 182
 127 158 159 165 167 165 165 170 144  55  20  26 120 180 181 184
 128 158 149  73 150 164 166 168 144  27  81 154 177 179 182 183
 131 157 127  17  92 163 166 170 169 168 172 172 120  82 180 179
 130 156 160  60  21 145 166 168 168 165  88  32  18  74 176 178
 130 160 160 141  23  47 157 167 169 169  53  50 131 175 180 182
 132 158 158 164 123  20  42 132 167 169 164 171 176 177 180 180
 133 156 157 164 164 131  38  15  54  92 123 134 145 163 179 179
 129 155 158 160 162 163 157 105  55  21  14  14  16 110 175 179
 133 154 158 160 164 163 168 164 166 164 144 106 100 153 177 176
 133 154 158 159 159 164 165 163 167 169 170 172 176 176 177 178
 136 153 155 157 158 162 162 164 166 168 171 173 172 174 176 180
 110 129 128 129 130 133 131 145 151 151 160 156 155 160 161 161
 134 153 155 157 159 159 160 162 165 166 169 166 169 172 172 174
 136 158 158 159 160 162 163 163 165 167 169 170 171 173 175 174
 134 156 157 161 160 161 162 164 164 168 168 167 171 172 174 174
 136 156 157 159 161 161 162 163 163 165 146  71 126 171 173 173
 133 157 156 157 160 161 161 162 133  50  15  20 116 170 173 173
 134 156 144  69 147 159 161 162 130  21  76 149 167 170 172 173
 136 155 116  14  96 160 162 162 161 160 165 165 111  78 170 171
 135 155 152  49  28 146 160 162 164 159  83  27  12  72 171 171
 136 156 157 130  20  55 154 161 162 160  44  44 122 168 172 174
 136 155 157 155 110  18  49 132 161 163 153 166 168 171 172 172
 137 156 156 158 157 119  34  17  57  93 122 131 141 158 171 171
 134 156 156 157 159 159 147  96  50  18  13  15  16 113 172 171
 138 155 156 157 161 161 161 159 159 153 134  98  92 151 171 170
 138 155 157 157 158 160 161 162 163 163 166 165 169 169 171 172
 140 154 156 158 158 158 161 162 164 163 164 165 169 170 171 169
 117 130 131 132 130 132 131 146 151 151 155 152 155 156 158 156
 128 144 148 147 150 151 150 152 153 154 157 159 159 160 161 162
 130 146 147 150 150 151 149 154 155 155 157 160 160 162 163 159
 129 146 148 149 150 152 152 154 154 154 157 159 157 160 163 163
 129 147 148 147 149 149 152 153 154 155 135  70 119 161 161 160
 125 147 146 148 148 146 151 152 125  48  17  23 114 156 158 157
 123 144 134  71 139 149 151 151 118  24  74 140 155 157 157 157
 127 143 105  19  94 148 150 152 148 150 151 152 104  77 157 155
 127 146 140  48  32 137 150 149 151 148  78  27  16  71 156 154
 128 142 142 115  22  55 140 150 151 146  44  47 114 153 156 156
 127 144 143 140  98  22  50 123 151 149 142 149 153 155 156 155
 129 143 145 144 141 108  33  20  58  88 114 121 130 144 155 154
 126 143 145 145 146 143 131  90  48  20  17  19  21 105 155 154
 126 140 145 146 144 144 147 146 143 138 122  90  87 138 154 152
 129 140 143 145 147 147 147 148 147 148 148 149 150 153 153 153
 128 143 143 143 144 144 145 148 145 147 148 149 150 151 153 152
 109 121 116 123 120 120 120 133 133 134 143 138 139 140 143 140

