 164 170 170 169 179 175 173 173 181 177 173 176 177 174 168 169
 153 176 176 176 173 179 180 181 180 182 179 177 177 178 178 169
 153 174 167 102  34 170 178 179 179 180 178 119  50 121 173 174
 158 106  36  15  32 141 177 178 177 178 179  97  20  16  45 116
 138  15  17  95 161 176 176 177 177 177 177 177 151  78  18  66
 149 112 154 174 174 174 174 176 177 175 173 175 174 172 153 143
 154 169 165 152 171 173 173 175 174 173 174 172 155 151 170 161
 160 160  30  15 121 167 170 171 167 168 168 143  22  19 152 167
 163 155  23  13  98 135 139 139 138 138 137 113  15  17 149 161
 151 169 135 106 167 169 168 170 171 169 170 169 121 128 163 159
 147 168 167 169 169 168 169 168 168 167 170 170 170 169 165 156
 152 166 166 167 169 168 168 168 167 167 168 166 165 164 163 158
 155 164 163 166 168 168 167 166 166 165 165 165 164 162 164 162
 154 161 163 165 165 164 163 165 166 167 167 161 161 163 163 155
 148 162 161 160 164 162 162 162 162 163 162 161 161 161 161 149
 126 129 137 130 134 137 134 139 130 132 132 130 132 121 126 122
 159 166 162 163 169 165 163 165 172 167 161 166 168 165 158 162
 150 169 170 169 165 172 172 170 171 172 172 166 168 169 169 164
 152 167 159  92  32 164 171 170 172 169 168 113  44 116 164 165
 156 100  31  10  26 137 170 168 168 169 168  90  15  12  40 110
 133   8  12  87 152 167 167 167 168 167 167 166 142  70  13  58
 146 101 148 166 166 164 165 165 167 168 164 164 164 163 145 135
 152 162 158 148 164 164 165 164 163 165 165 164 147 145 164 153
 156 155  23  12 120 162 162 162 160 162 162 138  18  15 145 161
 158 146  13   8  94 130 129 130 128 132 131 107  10  11 142 156
 149 160 124  96 158 162 162 160 160 162 161 160 110 119 160 154
 146 160 160 162 162 160 160 161 161 161 162 161 160 159 157 149
 151 159 159 160 161 160 160 160 160 160 159 159 158 159 158 150
 155 156 158 157 159 159 158 158 159 160 158 158 157 157 158 155
 150 156 156 155 158 157 158 157 159 159 157 156 157 156 155 151
 143 155 155 155 154 155 156 154 157 157 157 156 155 155 154 146
 129 128 139 131 134 138 133 136 130 133 132 128 132 126 129 124
 151 150 147 146 156 154 150 151 156 154 150 150 152 150 144 145
 143 156 154 155 154 158 159 159 158 159 157 152 154 154 154 148
 145 155 144  89  35 152 156 159 157 157 155 107  46 107 149 150
 148  94  33  15  31 129 157 157 158 156 153  85  17  15  42 102
 126  12  16  85 142 156 154 158 158 154 153 154 130  67  16  56
 139  98 136 153 155 155 155 155 154 155 154 155 155 152 133 124
 142 151 146 138 154 154 154 154 153 153 154 150 138 134 148 143
 147 140  25  18 116 152 150 151 151 151 151 128  23  19 134 147
 147 134  15  12  90 121 126 123 122 123 124  99  12  14 128 143
 143 147 113  94 148 149 150 152 151 152 152 149 101 110 148 141
 141 149 149 149 149 152 152 151 149 150 151 150 149 147 147 138
 146 148 149 150 150 149 151 151 151 152 151 149 149 147 145 139
 147 148 149 147 150 149 149 151 150 150 148 148 147 145 145 146
 143 146 146 147 147 148 148 148 147 147 147 147 144 145 143 140
 137 144 145 144 146 147 148 147 146 146 145 146 143 144 144 136
 120 122 133 124 127 130 126 130 126 127 125 122 128 119 121 118

 169 169 174 116  66 143 161 167 161 159 156 158 162 155 149 122
 168 178 173  45  18 153 170 152 149 163 165 163 164 163 161 126
 174 178 121  16  78 172 151  19  17 128 169 164 162 163 161 121
 177 177  50  20 151 174 155  22  15 121 170 165 164 161 161 132
 176 177 119  97 177 175 172 143 113 169 170 166 165 161 161 130
 173 179 178 179 177 173 174 168 137 170 170 168 165 167 162 132
 177 182 180 178 177 175 173 168 138 169 167 167 165 167 163 132
 181 180 179 177 177 177 174 167 138 171 168 167 166 166 162 130
 173 181 179 178 177 176 175 171 139 170 168 168 166 165 162 139
 173 180 178 177 176 174 173 170 139 168 169 168 167 163 162 134
 175 179 170 141 176 174 173 167 135 169 168 168 168 164 162 137
 179 173  34  32 161 174 171 121  98 167 169 169 168 165 164 134
 169 176 102  15  95 174 152  15  13 106 169 167 166 165 160 130
 170 176 167  36  17 154 165  30  23 135 167 166 163 163 161 137
 170 176 174 106  15 112 169 160 155 169 168 166 164 161 162 129
 164 153 153 158 138 149 154 160 163 151 147 152 155 154 148 126
 162 164 165 110  58 135 153 161 156 154 149 150 155 151 146 124
 158 169 164  40  13 145 164 145 142 160 157 158 158 155 154 129
 165 169 116  12  70 163 145  15  11 119 159 159 157 156 155 126
 168 168  44  15 142 164 147  18  10 110 160 158 157 157 155 132
 166 166 113  90 166 164 164 138 107 160 161 159 158 156 156 128
 161 172 168 168 167 164 165 162 131 161 162 159 158 157 157 132
 167 172 169 169 167 168 165 162 132 162 161 160 160 159 157 133
 172 171 172 168 168 167 163 160 128 160 161 160 159 159 157 130
 165 170 170 168 167 165 164 162 130 160 161 160 158 157 154 136
 163 172 171 170 167 165 165 162 129 162 160 160 158 158 156 133
 165 172 164 137 167 164 164 162 130 162 160 160 159 157 155 138
 169 165  32  26 152 166 164 120  94 158 162 161 159 158 154 134
 163 169  92  10  87 166 148  12   8  96 162 160 157 155 155 131
 162 170 159  31  12 148 158  23  13 124 160 159 158 156 155 139
 166 169 167 100   8 101 162 155 146 160 160 159 156 156 155 128
 159 150 152 156 133 146 152 156 158 149 146 151 155 150 143 129
 145 148 150 102  56 124 143 147 143 141 138 139 146 140 136 118
 144 154 149  42  16 133 148 134 128 148 147 145 145 143 144 121
 150 154 107  15  67 152 134  19  14 110 147 147 145 145 144 119
 152 154  46  17 130 155 138  23  12 101 149 149 147 144 143 128
 150 152 107  85 154 155 150 128  99 149 150 149 148 147 146 122
 150 157 155 153 153 154 154 151 124 152 151 151 148 147 145 125
 154 159 157 156 154 155 153 151 123 152 150 152 150 147 146 127
 156 158 157 158 158 154 153 151 122 151 149 151 150 147 146 126
 151 159 159 157 158 155 154 151 123 152 151 151 151 148 147 130
 150 159 156 157 154 155 154 150 126 150 152 151 149 148 148 126
 154 158 152 129 156 155 154 152 121 149 152 149 149 148 147 130
 156 154  35  31 142 155 154 116  90 148 149 150 150 147 146 127
 146 155  89  15  85 153 138  18  12  94 149 150 147 147 144 124
 147 154 144  33  16 136 146  25  15 113 149 149 149 146 145 133
 150 156 155  94  12  98 151 140 134 147 149 148 148 146 144 122
 151 143 145 148 126 139 142 147 147 143 141 146 147 143 137 120

 122 126 121 132 130 132 132 130 139 134 137 134 130 137 129 126
 149 161 161 161 161 162 163 162 162 162 162 164 160 161 162 148
 155 163 163 161 161 167 167 166 165 163 164 165 165 163 161 154
 162 164 162 164 165 165 165 166 166 167 168 168 166 163 164 155
 158 163 164 165 166 168 167 167 168 168 168 169 167 166 166 152
 156 165 169 170 170 170 167 168 168 169 168 169 169 167 168 147
 159 163 128 121 169 170 169 171 170 168 169 167 106 135 169 151
 161 149  17  15 113 137 138 138 139 139 135  98  13  23 155 163
 167 152  19  22 143 168 168 167 171 170 167 121  15  30 160 160
 161 170 151 155 172 174 173 174 175 173 173 171 152 165 169 154
 143 153 172 174 175 173 175 177 176 174 174 174 174 154 112 149
  66  18  78 151 177 177 177 177 177 176 176 161  95  17  15 138
 116  45  16  20  97 179 178 177 178 177 141  32  15  36 106 158
 174 173 121  50 119 178 180 179 179 178 170  34 102 167 174 153
 169 178 178 177 177 179 182 180 181 180 179 173 176 176 176 153
 169 168 174 177 176 173 177 181 173 173 175 179 169 170 170 164
 124 129 126 132 128 132 133 130 136 133 138 134 131 139 128 129
 146 154 155 155 156 157 157 157 154 156 155 154 155 155 155 143
 151 155 156 157 156 157 159 159 157 158 157 158 155 156 156 150
 155 158 157 157 158 158 160 159 158 158 159 159 157 158 156 155
 150 158 159 158 159 159 160 160 160 160 160 161 160 159 159 151
 149 157 159 160 161 162 161 161 161 160 160 162 162 160 160 146
 154 160 119 110 160 161 162 160 160 162 162 158  96 124 160 149
 156 142  11  10 107 131 132 128 130 129 130  94   8  13 146 158
 161 145  15  18 138 162 162 160 162 162 162 120  12  23 155 156
 153 164 145 147 164 165 165 163 164 165 164 164 148 158 162 152
 135 145 163 164 164 164 168 167 165 165 164 166 166 148 101 146
  58  13  70 142 166 167 167 168 167 167 167 152  87  12   8 133
 110  40  12  15  90 168 169 168 168 170 137  26  10  31 100 156
 165 164 116  44 113 168 169 172 170 171 164  32  92 159 167 152
 164 169 169 168 166 172 172 171 170 172 172 165 169 170 169 150
 162 158 165 168 166 161 167 172 165 163 165 169 163 162 166 159
 118 121 119 128 122 125 127 126 130 126 130 127 124 133 122 120
 136 144 144 143 146 145 146 146 147 148 147 146 144 145 144 137
 140 143 145 144 147 147 147 147 148 148 148 147 147 146 146 143
 146 145 145 147 148 148 150 150 151 149 149 150 147 149 148 147
 139 145 147 149 149 151 152 151 151 151 149 150 150 149 148 146
 138 147 147 149 150 151 150 149 151 152 152 149 149 149 149 141
 141 148 110 101 149 152 152 151 152 150 149 148  94 113 147 143
 143 128  14  12  99 124 123 122 123 126 121  90  12  15 134 147
 147 134  19  23 128 151 151 151 151 150 152 116  18  25 140 147
 143 148 134 138 150 154 153 153 154 154 154 154 138 146 151 142
 124 133 152 155 155 154 155 154 155 155 155 155 153 136  98 139
  56  16  67 130 154 153 154 158 158 154 156 142  85  16  12 126
 102  42  15  17  85 153 156 158 157 157 129  31  15  33  94 148
 150 149 107  46 107 155 157 157 159 156 152  35  89 144 155 145
 148 154 154 154 152 157 159 158 159 159 158 154 155 154 156 143
 145 144 150 152 150 150 154 156 151 150 154 156 146 147 150 151

 126 148 154 155 152 147 151 163 160 154 149 138 158 153 153 164
 129 162 161 164 166 168 169 155 160 169 112  15 106 174 176 170
 137 161 163 163 166 167 135  23  30 165 154  17  36 167 176 170
 130 160 165 166 167 169 106  13  15 152 174  95  15 102 176 169
 134 164 165 168 169 169 167  98 121 171 174 161  32  34 173 179
 137 162 164 168 168 168 169 135 167 173 174 176 141 170 179 175
 134 162 163 167 168 169 168 139 170 173 174 176 177 178 180 173
 139 162 165 166 168 168 170 139 171 175 176 177 178 179 181 173
 130 162 166 166 167 168 171 138 167 174 177 177 177 179 180 181
 132 163 167 165 167 167 169 138 168 173 175 177 178 180 182 177
 132 162 167 165 168 170 170 137 168 174 173 177 179 178 179 173
 130 161 161 165 166 170 169 113 143 172 175 177  97 119 177 176
 132 161 161 164 165 170 121  15  22 155 174 151  20  50 177 177
 121 161 163 162 164 169 128  17  19 151 172  78  16 121 178 174
 126 161 163 164 163 165 163 149 152 170 153  18  45 173 178 168
 122 149 155 162 158 156 159 161 167 161 143  66 116 174 169 169
 129 143 150 155 151 146 149 158 156 152 146 133 156 152 150 159
 128 155 156 156 159 160 160 146 155 162 101   8 100 167 169 166
 139 155 156 158 159 160 124  13  23 158 148  12  31 159 170 162
 131 155 155 157 160 162  96   8  12 148 166  87  10  92 169 163
 134 154 158 159 161 162 158  94 120 164 166 152  26  32 165 169
 138 155 157 159 160 160 162 130 162 164 164 167 137 164 172 165
 133 156 158 158 160 160 162 129 162 165 165 167 170 171 172 163
 136 154 157 158 160 161 160 130 162 164 165 167 168 170 170 165
 130 157 159 159 160 161 160 128 160 163 167 168 168 172 171 172
 133 157 159 160 160 161 162 132 162 165 168 167 169 169 172 167
 132 157 157 158 159 162 161 131 162 165 164 167 168 168 172 161
 128 156 156 158 159 161 160 107 138 164 164 166  90 113 166 166
 132 155 157 157 158 160 110  10  18 147 164 142  15  44 168 168
 126 155 156 157 159 159 119  11  15 145 163  70  12 116 169 165
 129 154 155 158 158 157 160 142 145 164 145  13  40 164 169 158
 124 146 151 155 150 149 154 156 161 153 135  58 110 165 164 162
 120 137 143 147 146 141 143 147 147 142 139 126 148 145 143 151
 122 144 146 148 148 149 147 134 140 151  98  12  94 155 156 150
 133 145 146 149 149 149 113  15  25 146 136  16  33 144 154 147
 124 144 147 147 150 149  94  12  18 138 153  85  15  89 155 146
 127 146 147 150 150 149 148  90 116 154 155 142  31  35 154 156
 130 147 148 149 149 152 149 121 152 154 155 156 129 152 158 154
 126 148 148 149 151 152 150 126 150 154 155 154 157 156 159 150
 130 147 148 151 151 151 152 123 151 154 155 158 157 159 159 151
 126 146 147 150 151 149 151 122 151 153 154 158 158 157 158 156
 127 146 147 150 152 150 152 123 151 153 155 154 156 157 159 154
 125 145 147 148 151 151 152 124 151 154 154 153 153 155 157 150
 122 146 147 148 149 150 149  99 128 150 155 154  85 107 152 150
 128 143 144 147 149 149 101  12  23 138 155 130  17  46 154 152
 119 144 145 145 147 147 110  14  19 134 152  67  15 107 154 150
 121 144 143 145 145 147 148 128 134 148 133  16  42 149 154 144
 118 136 140 146 139 138 141 143 147 143 124  56 102 150 148 145

