 163 169 169 166 169 166 168 167 170 168 169 169 170 166 165 151
 165 165 168 167 169 167 164 109 135 170 170 167 167 167 164 151
 164 168 167 168 165 164 160  15  90 168 167 167 167 166 165 155
 162 165 165 165 165 166 157  17  90 166 166 167 166 165 164 150
 162 165 165 164 164 165 141  15  92 168 164 165 163 164 162 132
 162 164 166 163 166 164 141  16  61 163 163 161 163 165 162 127
 161 164 165 163 163 162 114  16  26 152 162 161 163 163 161 126
 159 162 163 163 161 160  91  15  14 119 161 161 161 159 161 128
 160 162 162 161 161 158  53  34  29  63 159 160 160 158 158 124
 157 160 160 160 160 133  14  91  90  14 129 160 160 157 157 125
 155 158 160 160 155  47  23 152 152  27  45 148 158 158 155 122
 154 158 158 152  63  15 115 157 156 115  14  62 148 156 153 120
 152 157 145  50  10  84 156 156 155 157  79  12  44 137 153 122
 152 118  27  10  71 155 156 155 156 156 154  78  11  19  89 113
 136  21  20 104 153 153 155 153 154 154 154 150  93  17  47 116
 115  87 102 117 118 115 115 118 119 118 114 112 113  96  97  88
 159 160 159 158 160 158 159 159 160 160 159 160 161 159 159 145
 159 159 160 159 159 159 154 101 127 160 159 160 159 159 158 147
 159 159 159 158 157 157 152  11  83 158 158 159 157 157 157 149
 156 157 155 156 155 156 147  11  82 156 158 157 156 158 155 141
 155 155 157 156 156 154 135   8  84 155 156 156 157 157 154 125
 156 155 155 155 154 154 131   8  55 154 156 155 154 154 155 122
 153 155 155 155 154 153 106   8  20 147 154 155 153 153 153 120
 154 154 153 154 154 152  82   9   8 113 153 154 152 152 152 123
 154 153 152 153 151 150  48  27  21  56 151 151 150 150 151 119
 153 152 152 152 151 127  10  82  79  11 122 149 149 150 150 121
 152 151 151 151 147  43  18 144 143  20  42 144 149 150 151 118
 150 149 150 145  60  11 106 151 151 106   8  61 146 150 150 117
 148 148 140  50   7  77 149 150 150 149  69   6  44 133 147 118
 147 113  25   6  60 146 148 149 149 148 147  70   6  17  91 111
 131  12  12  93 146 146 148 150 148 150 148 146  82   9  40 109
 114  80  99 117 119 113 119 118 121 120 118 114 115  94  93  89
 149 149 146 147 146 146 148 147 147 146 147 145 146 143 143 129
 151 148 149 149 147 143 143  97 121 149 147 145 148 146 144 136
 149 150 149 148 146 146 143  14  79 146 148 146 145 145 142 136
 151 147 147 147 146 144 139  13  81 146 144 145 145 144 142 128
 150 147 148 146 143 144 124  13  81 146 144 144 146 145 143 116
 145 145 146 145 145 145 123  12  55 146 144 145 145 144 141 112
 146 145 145 145 145 144 102  12  24 137 145 143 144 142 143 111
 147 145 146 144 144 142  78  12  12 106 142 143 142 142 142 112
 145 144 144 140 142 141  46  27  21  58 141 141 141 140 140 109
 145 144 145 142 143 122  14  81  75  14 118 138 140 140 140 113
 144 142 142 142 136  44  22 134 132  22  44 135 139 139 137 109
 141 140 141 136  60  15 101 141 142  97  12  61 138 138 138 108
 142 140 129  49  11  73 138 140 139 139  66  12  45 124 137 107
 141 108  30  10  58 134 138 137 139 139 134  65  10  19  82 102
 126  15  16  87 135 139 138 140 138 138 137 136  75  12  39 101
 109  74  94 113 113 111 112 112 114 114 110 107 109  88  86  82

 151 151 155 150 132 127 126 128 124 125 122 120 122 113 116  88
 165 164 165 164 162 162 161 161 158 157 155 153 153  89  47  97
 166 167 166 165 164 165 163 159 158 157 158 156 137  19  17  96
 170 167 167 166 163 163 163 161 160 160 158 148  44  11  93 113
 169 167 167 167 165 161 161 161 160 160 148  62  12  78 150 112
 169 170 167 166 164 163 162 161 159 129  45  14  79 154 154 114
 168 170 168 166 168 163 152 119  63  14  27 115 157 156 154 118
 170 135  90  90  92  61  26  14  29  90 152 156 155 156 154 119
 167 109  15  17  15  16  16  15  34  91 152 157 156 155 153 118
 168 164 160 157 141 141 114  91  53  14  23 115 156 156 155 115
 166 167 164 166 165 164 162 160 158 133  47  15  84 155 153 115
 169 169 165 165 164 166 163 161 161 160 155  63  10  71 153 118
 166 167 168 165 164 163 163 163 161 160 160 152  50  10 104 117
 169 168 167 165 165 166 165 163 162 160 160 158 145  27  20 102
 169 165 168 165 165 164 164 162 162 160 158 158 157 118  21  87
 163 165 164 162 162 162 161 159 160 157 155 154 152 152 136 115
 145 147 149 141 125 122 120 123 119 121 118 117 118 111 109  89
 159 158 157 155 154 155 153 152 151 150 151 150 147  91  40  93
 159 159 157 158 157 154 153 152 150 150 150 150 133  17   9  94
 161 159 157 156 157 154 153 152 150 149 149 146  44   6  82 115
 160 160 159 157 156 155 155 154 151 149 144  61   6  70 146 114
 159 159 158 158 156 156 154 153 151 122  42   8  69 147 148 118
 160 160 158 156 155 154 147 113  56  11  20 106 149 148 150 120
 160 127  83  82  84  55  20   8  21  79 143 151 150 149 148 121
 159 101  11  11   8   8   8   9  27  82 144 151 150 149 150 118
 159 154 152 147 135 131 106  82  48  10  18 106 149 148 148 119
 158 159 157 156 154 154 153 152 150 127  43  11  77 146 146 113
 160 159 157 155 156 154 154 154 151 151 147  60   7  60 146 119
 158 159 158 156 156 155 155 154 153 152 151 145  50   6  93 117
 159 160 159 155 157 155 155 153 152 152 151 150 140  25  12  99
 160 159 159 157 155 155 155 154 153 152 151 149 148 113  12  80
 159 159 159 156 155 156 153 154 154 153 152 150 148 147 131 114
 129 136 136 128 116 112 111 112 109 113 109 108 107 102 101  82
 143 144 142 142 143 141 143 142 140 140 137 138 137  82  39  86
 143 146 145 144 145 144 142 142 140 140 139 138 124  19  12  88
 146 148 145 145 146 145 144 142 141 140 139 138  45  10  75 109
 145 145 146 145 144 145 143 143 141 138 135  61  12  65 136 107
 147 147 148 144 144 144 145 142 141 118  44  12  66 134 137 110
 146 149 146 146 146 146 137 106  58  14  22  97 139 139 138 114
 147 121  79  81  81  55  24  12  21  75 132 142 139 139 138 114
 147  97  14  13  13  12  12  12  27  81 134 141 140 137 140 112
 148 143 143 139 124 123 102  78  46  14  22 101 138 138 138 112
 146 143 146 144 144 145 144 142 141 122  44  15  73 134 139 111
 146 147 146 146 143 145 145 144 142 143 136  60  11  58 135 113
 147 149 148 147 146 145 145 144 140 142 142 136  49  10  87 113
 146 149 149 147 148 146 145 146 144 145 142 141 129  30  16  94
 149 148 150 147 147 145 145 145 144 144 142 140 140 108  15  74
 149 151 149 151 150 145 146 147 145 145 144 141 142 141 126 109

  88  97  96 113 112 114 118 119 118 115 115 118 117 102  87 115
 116  47  17  93 150 154 154 154 153 155 153 153 104  20  21 136
 113  89  19  11  78 154 156 156 155 156 155  71  10  27 118 152
 122 153 137  44  12  79 157 155 156 156  84  10  50 145 157 152
 120 153 156 148  62  14 115 156 157 115  15  63 152 158 158 154
 122 155 158 158 148  45  27 152 152  23  47 155 160 160 158 155
 125 157 157 160 160 129  14  90  91  14 133 160 160 160 160 157
 124 158 158 160 160 159  63  29  34  53 158 161 161 162 162 160
 128 161 159 161 161 161 119  14  15  91 160 161 163 163 162 159
 126 161 163 163 161 162 152  26  16 114 162 163 163 165 164 161
 127 162 165 163 161 163 163  61  16 141 164 166 163 166 164 162
 132 162 164 163 165 164 168  92  15 141 165 164 164 165 165 162
 150 164 165 166 167 166 166  90  17 157 166 165 165 165 165 162
 155 165 166 167 167 167 168  90  15 160 164 165 168 167 168 164
 151 164 167 167 167 170 170 135 109 164 167 169 167 168 165 165
 151 165 166 170 169 169 168 170 167 168 166 169 166 169 169 163
  89  93  94 115 114 118 120 121 118 119 113 119 117  99  80 114
 109  40   9  82 146 148 150 148 150 148 146 146  93  12  12 131
 111  91  17   6  70 147 148 149 149 148 146  60   6  25 113 147
 118 147 133  44   6  69 149 150 150 149  77   7  50 140 148 148
 117 150 150 146  61   8 106 151 151 106  11  60 145 150 149 150
 118 151 150 149 144  42  20 143 144  18  43 147 151 151 151 152
 121 150 150 149 149 122  11  79  82  10 127 151 152 152 152 153
 119 151 150 150 151 151  56  21  27  48 150 151 153 152 153 154
 123 152 152 152 154 153 113   8   9  82 152 154 154 153 154 154
 120 153 153 153 155 154 147  20   8 106 153 154 155 155 155 153
 122 155 154 154 155 156 154  55   8 131 154 154 155 155 155 156
 125 154 157 157 156 156 155  84   8 135 154 156 156 157 155 155
 141 155 158 156 157 158 156  82  11 147 156 155 156 155 157 156
 149 157 157 157 159 158 158  83  11 152 157 157 158 159 159 159
 147 158 159 159 160 159 160 127 101 154 159 159 159 160 159 159
 145 159 159 161 160 159 160 160 159 159 158 160 158 159 160 159
  82  86  88 109 107 110 114 114 112 112 111 113 113  94  74 109
 101  39  12  75 136 137 138 138 140 138 139 135  87  16  15 126
 102  82  19  10  65 134 139 139 137 138 134  58  10  30 108 141
 107 137 124  45  12  66 139 139 140 138  73  11  49 129 140 142
 108 138 138 138  61  12  97 142 141 101  15  60 136 141 140 141
 109 137 139 139 135  44  22 132 134  22  44 136 142 142 142 144
 113 140 140 140 138 118  14  75  81  14 122 143 142 145 144 145
 109 140 140 141 141 141  58  21  27  46 141 142 140 144 144 145
 112 142 142 142 143 142 106  12  12  78 142 144 144 146 145 147
 111 143 142 144 143 145 137  24  12 102 144 145 145 145 145 146
 112 141 144 145 145 144 146  55  12 123 145 145 145 146 145 145
 116 143 145 146 144 144 146  81  13 124 144 143 146 148 147 150
 128 142 144 145 145 144 146  81  13 139 144 146 147 147 147 151
 136 142 145 145 146 148 146  79  14 143 146 146 148 149 150 149
 136 144 146 148 145 147 149 121  97 143 143 147 149 149 148 151
 129 143 143 146 145 147 146 147 147 148 146 146 147 146 149 149

 115 136 152 152 154 155 157 160 159 161 162 162 162 164 165 163
  87  21 118 157 158 158 160 162 162 164 164 165 165 168 165 169
 102  20  27 145 158 160 160 162 163 165 166 165 165 167 168 169
 117 104  10  50 152 160 160 161 163 163 163 164 165 168 167 166
 118 153  71  10  63 155 160 161 161 163 166 164 165 165 169 169
 115 153 155  84  15  47 133 158 160 162 164 165 166 164 167 166
 115 155 156 156 115  23  14  53  91 114 141 141 157 160 164 168
 118 153 155 156 157 152  91  34  15  16  16  15  17  15 109 167
 119 154 156 155 156 152  90  29  14  26  61  92  90  90 135 170
 118 154 156 157 115  27  14  63 119 152 163 168 166 168 170 168
 114 154 154  79  14  45 129 159 161 162 163 164 166 167 170 169
 112 150  78  12  62 148 160 160 161 161 161 165 167 167 167 169
 113  93  11  44 148 158 160 160 161 163 163 163 166 167 167 170
  96  17  19 137 156 158 157 158 159 163 165 164 165 166 167 166
  97  47  89 153 153 155 157 158 161 161 162 162 164 165 164 165
  88 116 113 122 120 122 125 124 128 126 127 132 150 155 151 151
 114 131 147 148 150 152 153 154 154 153 156 155 156 159 159 159
  80  12 113 148 149 151 152 153 154 155 155 155 157 159 159 160
  99  12  25 140 150 151 152 152 153 155 155 157 155 159 160 159
 117  93   6  50 145 151 152 153 154 155 155 156 156 158 159 158
 119 146  60   7  60 147 151 151 154 154 154 156 155 157 159 160
 113 146 146  77  11  43 127 150 152 153 154 154 156 157 159 158
 119 148 148 149 106  18  10  48  82 106 131 135 147 152 154 159
 118 150 149 150 151 144  82  27   9   8   8   8  11  11 101 159
 121 148 149 150 151 143  79  21   8  20  55  84  82  83 127 160
 120 150 148 149 106  20  11  56 113 147 154 155 156 158 160 160
 118 148 147  69   8  42 122 151 153 154 156 156 158 158 159 159
 114 146  70   6  61 144 149 151 154 155 155 156 157 159 160 160
 115  82   6  44 146 149 149 150 152 153 154 157 156 157 159 161
  94   9  17 133 150 150 150 150 152 153 154 157 158 157 159 159
  93  40  91 147 150 151 150 151 152 153 155 154 155 157 158 159
  89 109 111 118 117 118 121 119 123 120 122 125 141 149 147 145
 109 126 141 142 141 144 145 145 147 146 145 150 151 149 151 149
  74  15 108 140 140 142 144 144 145 145 145 147 147 150 148 149
  94  16  30 129 141 142 145 144 146 145 146 148 147 149 149 146
 113  87  10  49 136 142 142 140 144 145 145 146 147 148 149 147
 113 135  58  11  60 136 143 142 144 145 145 143 146 146 147 146
 111 139 134  73  15  44 122 141 142 144 145 144 144 146 143 146
 112 138 138 138 101  22  14  46  78 102 123 124 139 143 143 148
 112 140 137 140 141 134  81  27  12  12  12  13  13  14  97 147
 114 138 139 139 142 132  75  21  12  24  55  81  81  79 121 147
 114 138 139 139  97  22  14  58 106 137 146 146 146 146 149 146
 110 137 134  66  12  44 118 141 142 145 144 144 144 148 147 147
 107 136  65  12  61 135 138 141 143 143 145 144 145 146 145 145
 109  75  10  45 138 139 140 141 142 144 145 146 145 145 148 146
  88  12  19 124 138 139 140 140 142 142 144 145 144 145 146 143
  86  39  82 137 138 137 140 140 142 143 141 143 142 142 144 143
  82 101 102 107 108 109 113 109 112 111 112 116 128 136 136 129

