  27 131 133 132 137 135 137 138 137 133 138 133 116 110 105  66
  26 170 181 184 184 184 182 183 181 182 185 186 188 185 182 117
  29 168 177 183 183 184 156  50  32 122 185 191 188 186 186 119
  35 173 183 184 186 186  79  24  23  57 183 189 189 186 185 113
  38 180 187 188 188 185  98  27  29  91 183 188 187 188 189 110
  44 183 188 188 181 180 175 102 100 179 185 184 187 184 189 110
  48 183 185 179 177 177 178  73  53 128 182 184 186 187 188 108
  45 178 178 177 178 181 164  28  21  57 176 182 186 189 188 106
  43 174 181 182 181 180 179  25  21  74 179 184 186 185 183 106
  43 176 178 180 181 183 184  45  18  82 183 181 180 182 180  74
  37 172 178 177 179 182 186  45  18  66 175 182 182 181 181  63
  28 167 176 178 179 180 169  24  16  55 176 179 182 182 185  65
  20 156 175 175 176 178 152  21  15  22 166 177 178 180 181  67
  34 164 177 176 173 176 169  23  16  28 176 178 177 176 178  74
  55 165 169 171 171 173 176  91  41 133 173 176 175 175 176  72
  17  22  24  22  24  25  26  37  46  48  44  45  36  23  28  13
  31 133 129 127 129 130 134 130 133 126 133 124 105 100  96  54
  33 176 179 181 181 180 180 178 177 180 180 181 179 177 177 105
  31 172 178 180 181 181 144  36  25 120 181 182 182 181 179 102
  38 176 179 183 180 175  60  15  19  56 179 181 182 182 180  96
  43 182 184 185 182 177  79  17  16  88 179 180 181 182 180  93
  47 185 185 184 174 172 163  83  93 174 180 180 182 179 183  93
  51 185 185 179 172 174 170  57  45 127 176 177 178 179 178  89
  51 179 176 174 174 173 147  14  15  56 173 174 176 180 183  89
  50 176 178 177 177 175 165  11  14  72 174 177 178 178 178  89
  50 176 176 177 178 178 174  30  14  80 175 176 175 176 176  62
  42 176 175 179 178 179 174  29  14  68 174 175 177 176 172  47
  33 171 173 175 175 173 153  11  12  55 175 174 175 175 170  48
  23 156 170 171 172 171 136   9  11  18 166 173 173 174 174  50
  36 164 170 171 171 172 156  12  11  22 176 173 172 172 169  55
  60 170 172 175 174 172 170  75  32 131 174 174 174 174 171  58
  17  19  21  19  22  26  26  32  44  46  43  43  34  21  24  10
  29 122 115 114 118 119 122 117 119 112 120 113  97  94  90  51
  35 164 160 162 164 164 161 159 161 162 162 164 165 163 162  92
  32 160 161 161 162 159 123  34  27 116 164 167 166 164 161  92
  38 163 161 164 164 157  51  17  20  58 166 165 165 163 162  86
  42 167 167 166 163 160  70  17  21  88 162 165 165 166 165  85
  47 169 169 167 156 156 146  75  88 163 163 166 165 166 166  85
  53 171 167 160 157 156 152  54  47 119 160 165 164 167 164  82
  50 163 158 157 156 157 133  14  16  58 158 158 162 164 167  79
  48 162 160 160 161 160 149   8  14  72 162 162 163 164 163  81
  49 162 160 158 161 162 159  25  16  79 160 158 159 159 158  55
  42 160 157 159 161 161 157  26  15  68 160 160 161 161 156  44
  31 156 157 157 158 157 138   9  12  56 161 159 159 157 156  45
  25 147 154 155 157 155 123   8  13  22 155 157 159 158 158  48
  37 153 154 155 157 156 137  10  12  27 162 157 157 156 157  54
  61 156 156 159 157 156 151  65  31 120 157 160 161 163 159  55
  17  20  23  22  24  27  27  34  45  48  43  45  37  25  27  12

  66 117 119 113 110 110 108 106 106  74  63  65  67  74  72  13
 105 182 186 185 189 189 188 188 183 180 181 185 181 178 176  28
 110 185 186 186 188 184 187 189 185 182 181 182 180 176 175  23
 116 188 188 189 187 187 186 186 186 180 182 182 178 177 175  36
 133 186 191 189 188 184 184 182 184 181 182 179 177 178 176  45
 138 185 185 183 183 185 182 176 179 183 175 176 166 176 173  44
 133 182 122  57  91 179 128  57  74  82  66  55  22  28 133  48
 137 181  32  23  29 100  53  21  21  18  18  16  15  16  41  46
 138 183  50  24  27 102  73  28  25  45  45  24  21  23  91  37
 137 182 156  79  98 175 178 164 179 184 186 169 152 169 176  26
 135 184 184 186 185 180 177 181 180 183 182 180 178 176 173  25
 137 184 183 186 188 181 177 178 181 181 179 179 176 173 171  24
 132 184 183 184 188 188 179 177 182 180 177 178 175 176 171  22
 133 181 177 183 187 188 185 178 181 178 178 176 175 177 169  24
 131 170 168 173 180 183 183 178 174 176 172 167 156 164 165  22
  27  26  29  35  38  44  48  45  43  43  37  28  20  34  55  17
  54 105 102  96  93  93  89  89  89  62  47  48  50  55  58  10
  96 177 179 180 180 183 178 183 178 176 172 170 174 169 171  24
 100 177 181 182 182 179 179 180 178 176 176 175 174 172 174  21
 105 179 182 182 181 182 178 176 178 175 177 175 173 172 174  34
 124 181 182 181 180 180 177 174 177 176 175 174 173 173 174  43
 133 180 181 179 179 180 176 173 174 175 174 175 166 176 174  43
 126 180 120  56  88 174 127  56  72  80  68  55  18  22 131  46
 133 177  25  19  16  93  45  15  14  14  14  12  11  11  32  44
 130 178  36  15  17  83  57  14  11  30  29  11   9  12  75  32
 134 180 144  60  79 163 170 147 165 174 174 153 136 156 170  26
 130 180 181 175 177 172 174 173 175 178 179 173 171 172 172  26
 129 181 181 180 182 174 172 174 177 178 178 175 172 171 174  22
 127 181 180 183 185 184 179 174 177 177 179 175 171 171 175  19
 129 179 178 179 184 185 185 176 178 176 175 173 170 170 172  21
 133 176 172 176 182 185 185 179 176 176 176 171 156 164 170  19
  31  33  31  38  43  47  51  51  50  50  42  33  23  36  60  17
  51  92  92  86  85  85  82  79  81  55  44  45  48  54  55  12
  90 162 161 162 165 166 164 167 163 158 156 156 158 157 159  27
  94 163 164 163 166 166 167 164 164 159 161 157 158 156 163  25
  97 165 166 165 165 165 164 162 163 159 161 159 159 157 161  37
 113 164 167 165 165 166 165 158 162 158 160 159 157 157 160  45
 120 162 164 166 162 163 160 158 162 160 160 161 155 162 157  43
 112 162 116  58  88 163 119  58  72  79  68  56  22  27 120  48
 119 161  27  20  21  88  47  16  14  16  15  12  13  12  31  45
 117 159  34  17  17  75  54  14   8  25  26   9   8  10  65  34
 122 161 123  51  70 146 152 133 149 159 157 138 123 137 151  27
 119 164 159 157 160 156 156 157 160 162 161 157 155 156 156  27
 118 164 162 164 163 156 157 156 161 161 161 158 157 157 157  24
 114 162 161 164 166 167 160 157 160 158 159 157 155 155 159  22
 115 160 161 161 167 169 167 158 160 160 157 157 154 154 156  23
 122 164 160 163 167 169 171 163 162 162 160 156 147 153 156  20
  29  35  32  38  42  47  53  50  48  49  42  31  25  37  61  17

  13  28  23  36  45  44  48  46  37  26  25  24  22  24  22  17
  72 176 175 175 176 173 133  41  91 176 173 171 171 169 165  55
  74 178 176 177 178 176  28  16  23 169 176 173 176 177 164  34
  67 181 180 178 177 166  22  15  21 152 178 176 175 175 156  20
  65 185 182 182 179 176  55  16  24 169 180 179 178 176 167  28
  63 181 181 182 182 175  66  18  45 186 182 179 177 178 172  37
  74 180 182 180 181 183  82  18  45 184 183 181 180 178 176  43
 106 183 185 186 184 179  74  21  25 179 180 181 182 181 174  43
 106 188 189 186 182 176  57  21  28 164 181 178 177 178 178  45
 108 188 187 186 184 182 128  53  73 178 177 177 179 185 183  48
 110 189 184 187 184 185 179 100 102 175 180 181 188 188 183  44
 110 189 188 187 188 183  91  29  27  98 185 188 188 187 180  38
 113 185 186 189 189 183  57  23  24  79 186 186 184 183 173  35
 119 186 186 188 191 185 122  32  50 156 184 183 183 177 168  29
 117 182 185 188 186 185 182 181 183 182 184 184 184 181 170  26
  66 105 110 116 133 138 133 137 138 137 135 137 132 133 131  27
  10  24  21  34  43  43  46  44  32  26  26  22  19  21  19  17
  58 171 174 174 174 174 131  32  75 170 172 174 175 172 170  60
  55 169 172 172 173 176  22  11  12 156 172 171 171 170 164  36
  50 174 174 173 173 166  18  11   9 136 171 172 171 170 156  23
  48 170 175 175 174 175  55  12  11 153 173 175 175 173 171  33
  47 172 176 177 175 174  68  14  29 174 179 178 179 175 176  42
  62 176 176 175 176 175  80  14  30 174 178 178 177 176 176  50
  89 178 178 178 177 174  72  14  11 165 175 177 177 178 176  50
  89 183 180 176 174 173  56  15  14 147 173 174 174 176 179  51
  89 178 179 178 177 176 127  45  57 170 174 172 179 185 185  51
  93 183 179 182 180 180 174  93  83 163 172 174 184 185 185  47
  93 180 182 181 180 179  88  16  17  79 177 182 185 184 182  43
  96 180 182 182 181 179  56  19  15  60 175 180 183 179 176  38
 102 179 181 182 182 181 120  25  36 144 181 181 180 178 172  31
 105 177 177 179 181 180 180 177 178 180 180 181 181 179 176  33
  54  96 100 105 124 133 126 133 130 134 130 129 127 129 133  31
  12  27  25  37  45  43  48  45  34  27  27  24  22  23  20  17
  55 159 163 161 160 157 120  31  65 151 156 157 159 156 156  61
  54 157 156 157 157 162  27  12  10 137 156 157 155 154 153  37
  48 158 158 159 157 155  22  13   8 123 155 157 155 154 147  25
  45 156 157 159 159 161  56  12   9 138 157 158 157 157 156  31
  44 156 161 161 160 160  68  15  26 157 161 161 159 157 160  42
  55 158 159 159 158 160  79  16  25 159 162 161 158 160 162  49
  81 163 164 163 162 162  72  14   8 149 160 161 160 160 162  48
  79 167 164 162 158 158  58  16  14 133 157 156 157 158 163  50
  82 164 167 164 165 160 119  47  54 152 156 157 160 167 171  53
  85 166 166 165 166 163 163  88  75 146 156 156 167 169 169  47
  85 165 166 165 165 162  88  21  17  70 160 163 166 167 167  42
  86 162 163 165 165 166  58  20  17  51 157 164 164 161 163  38
  92 161 164 166 167 164 116  27  34 123 159 162 161 161 160  32
  92 162 163 165 164 162 162 161 159 161 164 164 162 160 164  35
  51  90  94  97 113 120 112 119 117 122 119 118 114 115 122  29

  17  55  34  20  28  37  43  43  45  48  44  38  35  29  26  27
  22 165 164 156 167 172 176 174 178 183 183 180 173 168 170 131
  24 169 177 175 176 178 178 181 178 185 188 187 183 177 181 133
  22 171 176 175 178 177 180 182 177 179 188 188 184 183 184 132
  24 171 173 176 179 179 181 181 178 177 181 188 186 183 184 137
  25 173 176 178 180 182 183 180 181 177 180 185 186 184 184 135
  26 176 169 152 169 186 184 179 164 178 175  98  79 156 182 137
  37  91  23  21  24  45  45  25  28  73 102  27  24  50 183 138
  46  41  16  15  16  18  18  21  21  53 100  29  23  32 181 137
  48 133  28  22  55  66  82  74  57 128 179  91  57 122 182 133
  44 173 176 166 176 175 183 179 176 182 185 183 183 185 185 138
  45 176 178 177 179 182 181 184 182 184 184 188 189 191 186 133
  36 175 177 178 182 182 180 186 186 186 187 187 189 188 188 116
  23 175 176 180 182 181 182 185 189 187 184 188 186 186 185 110
  28 176 178 181 185 181 180 183 188 188 189 189 185 186 182 105
  13  72  74  67  65  63  74 106 106 108 110 110 113 119 117  66
  17  60  36  23  33  42  50  50  51  51  47  43  38  31  33  31
  19 170 164 156 171 176 176 176 179 185 185 182 176 172 176 133
  21 172 170 170 173 175 176 178 176 185 185 184 179 178 179 129
  19 175 171 171 175 179 177 177 174 179 184 185 183 180 181 127
  22 174 171 172 175 178 178 177 174 172 174 182 180 181 181 129
  26 172 172 171 173 179 178 175 173 174 172 177 175 181 180 130
  26 170 156 136 153 174 174 165 147 170 163  79  60 144 180 134
  32  75  12   9  11  29  30  11  14  57  83  17  15  36 178 130
  44  32  11  11  12  14  14  14  15  45  93  16  19  25 177 133
  46 131  22  18  55  68  80  72  56 127 174  88  56 120 180 126
  43 174 176 166 175 174 175 174 173 176 180 179 179 181 180 133
  43 174 173 173 174 175 176 177 174 177 180 180 181 182 181 124
  34 174 172 173 175 177 175 178 176 178 182 181 182 182 179 105
  21 174 172 174 175 176 176 178 180 179 179 182 182 181 177 100
  24 171 169 174 170 172 176 178 183 178 183 180 180 179 177  96
  10  58  55  50  48  47  62  89  89  89  93  93  96 102 105  54
  17  61  37  25  31  42  49  48  50  53  47  42  38  32  35  29
  20 156 153 147 156 160 162 162 163 171 169 167 163 160 164 122
  23 156 154 154 157 157 160 160 158 167 169 167 161 161 160 115
  22 159 155 155 157 159 158 160 157 160 167 166 164 161 162 114
  24 157 157 157 158 161 161 161 156 157 156 163 164 162 164 118
  27 156 156 155 157 161 162 160 157 156 156 160 157 159 164 119
  27 151 137 123 138 157 159 149 133 152 146  70  51 123 161 122
  34  65  10   8   9  26  25   8  14  54  75  17  17  34 159 117
  45  31  12  13  12  15  16  14  16  47  88  21  20  27 161 119
  48 120  27  22  56  68  79  72  58 119 163  88  58 116 162 112
  43 157 162 155 161 160 160 162 158 160 163 162 166 164 162 120
  45 160 157 157 159 160 158 162 158 165 166 165 165 167 164 113
  37 161 157 159 159 161 159 163 162 164 165 165 165 166 165  97
  25 163 156 158 157 161 159 164 164 167 166 166 163 164 163  94
  27 159 157 158 156 156 158 163 167 164 166 165 162 161 162  90
  12  55  54  48  45  44  55  81  79  82  85  85  86  92  92  51

