 175 175 172 174 175 175 173 175 175 176 173 173 172 170 171 158
 172 176 176 176 176 176 181 177 175 177 175 174 155 136 164 155
 174 175 176 179 177 177 174 174 173 175 174 138  35  65  37 147
 172 175 177 176 175 174 172 165  87 129 175 119 113 126  21 137
 174 175 173 174 176 173 173 117  17  85 172 171 143  28 119 149
 173 174 172 172 173 171 172 166 126 165 172 171 130  85 166 150
 172 172 171 174 171 172 171 154 113 166 171 171 125  60 165 141
 169 171 169 170 171 163  92  24  23 162 168 169 165 165 164 139
 170 168  62 141 170 143 122  20  46 168 170 166 164 164 162 139
 165 167  75 155 171 168 120  15  88 168 167 165 161 162 162 140
 164 136  22 153 167 166  79  13 123 138 167 163 163 161 158 136
 149  26 106 132 145 165  49  13  45 144 165 164 162 158 157 134
 132  17 126  31 112 162 109 120 162 163 163 162 160 159 158 130
 162 105  66  97 161 164 164 163 164 161 161 158 157 157 156 130
 160 162 162 162 163 162 162 161 160 159 160 157 155 152 152 111
 135 135 133 135 137 133 133 138 136 134 131 125 125 119 116  76
 164 165 162 163 165 165 164 165 166 165 163 164 165 164 165 151
 164 166 165 166 166 166 166 166 165 167 165 164 149 131 156 148
 163 163 164 167 165 163 164 164 165 165 165 131  31  59  35 136
 164 166 167 166 164 165 164 156  80 120 165 112 104 121  19 130
 163 163 165 164 165 163 161 110  14  77 163 161 137  26 107 143
 163 162 163 160 162 161 160 156 117 154 163 161 125  79 158 141
 160 162 162 161 160 159 161 146 108 155 160 160 117  53 155 137
 159 160 160 160 160 153  84  20  17 150 157 159 157 154 155 135
 158 157  55 132 160 132 112  14  38 156 159 159 158 157 156 137
 156 157  66 146 158 157 115  10  81 157 157 157 156 155 155 134
 155 128  16 142 156 156  74   9 116 131 155 156 154 153 151 130
 139  24  96 124 137 155  44   8  38 132 155 153 154 152 153 130
 120  10 122  29 103 154  99 107 149 155 154 153 153 152 150 126
 152  92  55  86 150 154 153 154 153 154 153 151 151 149 147 125
 152 153 152 152 153 152 152 152 151 153 153 150 149 148 147 109
 130 134 130 132 135 131 131 134 131 134 128 124 124 121 117  81
 154 152 152 152 151 150 150 151 150 150 148 147 146 146 146 135
 155 154 154 154 154 155 152 153 149 150 150 149 134 117 138 134
 153 155 155 154 153 154 153 152 148 150 149 119  32  56  32 120
 151 152 155 155 152 151 150 146  78 111 147 103  96 111  22 118
 151 153 151 150 154 152 152 104  18  76 146 146 127  29  98 126
 151 153 151 152 152 150 151 145 106 141 147 146 117  74 139 128
 152 152 154 152 149 150 148 138 100 143 147 147 110  55 139 126
 151 153 151 151 151 145  85  25  19 138 147 148 144 139 142 123
 149 146  59 132 150 127 106  16  39 142 146 147 145 142 141 126
 148 149  66 138 149 148 109  16  78 147 146 146 141 143 140 123
 148 123  21 135 149 146  70  12 107 123 145 143 143 142 139 119
 132  27  91 118 133 148  45  13  42 121 144 143 142 139 137 117
 118  15 117  31 102 145  95  99 139 142 143 143 141 137 138 114
 144  87  55  82 141 146 144 144 142 142 142 141 142 138 137 115
 144 143 145 145 146 145 145 143 143 140 140 141 137 136 138 100
 127 129 127 128 127 125 127 128 124 126 122 116 115 111 110  77

 158 155 147 137 149 150 141 139 139 140 136 134 130 130 111  76
 171 164  37  21 119 166 165 164 162 162 158 157 158 156 152 116
 170 136  65 126  28  85  60 165 164 162 161 158 159 157 152 119
 172 155  35 113 143 130 125 165 164 161 163 162 160 157 155 125
 173 174 138 119 171 171 171 169 166 165 163 164 162 158 157 125
 173 175 174 175 172 172 171 168 170 167 167 165 163 161 160 131
 176 177 175 129  85 165 166 162 168 168 138 144 163 161 159 134
 175 175 173  87  17 126 113  23  46  88 123  45 162 164 160 136
 175 177 174 165 117 166 154  24  20  15  13  13 120 163 161 138
 173 181 174 172 173 172 171  92 122 120  79  49 109 164 162 133
 175 176 177 174 173 171 172 163 143 168 166 165 162 164 162 133
 175 176 177 175 176 173 171 171 170 171 167 145 112 161 163 137
 174 176 179 176 174 172 174 170 141 155 153 132  31  97 162 135
 172 176 176 177 173 172 171 169  62  75  22 106 126  66 162 133
 175 176 175 175 175 174 172 171 168 167 136  26  17 105 162 135
 175 172 174 172 174 173 172 169 170 165 164 149 132 162 160 135
 151 148 136 130 143 141 137 135 137 134 130 130 126 125 109  81
 165 156  35  19 107 158 155 155 156 155 151 153 150 147 147 117
 164 131  59 121  26  79  53 154 157 155 153 152 152 149 148 121
 165 149  31 104 137 125 117 157 158 156 154 154 153 151 149 124
 164 164 131 112 161 161 160 159 159 157 156 153 153 151 150 124
 163 165 165 165 163 163 160 157 159 157 155 155 154 153 153 128
 165 167 165 120  77 154 155 150 156 157 131 132 155 154 153 134
 166 165 165  80  14 117 108  17  38  81 116  38 149 153 151 131
 165 166 164 156 110 156 146  20  14  10   9   8 107 154 152 134
 164 166 164 164 161 160 161  84 112 115  74  44  99 153 152 131
 165 166 163 165 163 161 159 153 132 157 156 155 154 154 152 131
 165 166 165 164 165 162 160 160 160 158 156 137 103 150 153 135
 163 166 167 166 164 160 161 160 132 146 142 124  29  86 152 132
 162 165 164 167 165 163 162 160  55  66  16  96 122  55 152 130
 165 166 163 166 163 162 162 160 157 157 128  24  10  92 153 134
 164 164 163 164 163 163 160 159 158 156 155 139 120 152 152 130
 135 134 120 118 126 128 126 123 126 123 119 117 114 115 100  77
 146 138  32  22  98 139 139 142 141 140 139 137 138 137 138 110
 146 117  56 111  29  74  55 139 142 143 142 139 137 138 136 111
 146 134  32  96 127 117 110 144 145 141 143 142 141 142 137 115
 147 149 119 103 146 146 147 148 147 146 143 143 143 141 141 116
 148 150 149 147 146 147 147 147 146 146 145 144 143 142 140 122
 150 150 150 111  76 141 143 138 142 147 123 121 142 142 140 126
 150 149 148  78  18 106 100  19  39  78 107  42 139 142 143 124
 151 153 152 146 104 145 138  25  16  16  12  13  99 144 143 128
 150 152 153 150 152 151 148  85 106 109  70  45  95 144 145 127
 150 155 154 151 152 150 150 145 127 148 146 148 145 146 145 125
 151 154 153 152 154 152 149 151 150 149 149 133 102 141 146 127
 152 154 154 155 150 152 152 151 132 138 135 118  31  82 145 128
 152 154 155 155 151 151 154 151  59  66  21  91 117  55 145 127
 152 154 155 152 153 153 152 153 146 149 123  27  15  87 143 129
 154 155 153 151 151 151 152 151 149 148 148 132 118 144 144 127

  76 116 119 125 125 131 134 136 138 133 133 137 135 133 135 135
 111 152 152 155 157 160 159 160 161 162 162 163 162 162 162 160
 130 156 157 157 158 161 161 164 163 164 164 161  97  66 105 162
 130 158 159 160 162 163 163 162 120 109 162 112  31 126  17 132
 134 157 158 162 164 165 144  45  13  49 165 145 132 106  26 149
 136 158 161 163 163 167 138 123  13  79 166 167 153  22 136 164
 140 162 162 161 165 167 168  88  15 120 168 171 155  75 167 165
 139 162 164 164 166 170 168  46  20 122 143 170 141  62 168 170
 139 164 165 165 169 168 162  23  24  92 163 171 170 169 171 169
 141 165  60 125 171 171 166 113 154 171 172 171 174 171 172 172
 150 166  85 130 171 172 165 126 166 172 171 173 172 172 174 173
 149 119  28 143 171 172  85  17 117 173 173 176 174 173 175 174
 137  21 126 113 119 175 129  87 165 172 174 175 176 177 175 172
 147  37  65  35 138 174 175 173 174 174 177 177 179 176 175 174
 155 164 136 155 174 175 177 175 177 181 176 176 176 176 176 172
 158 171 170 172 173 173 176 175 175 173 175 175 174 172 175 175
  81 117 121 124 124 128 134 131 134 131 131 135 132 130 134 130
 109 147 148 149 150 153 153 151 152 152 152 153 152 152 153 152
 125 147 149 151 151 153 154 153 154 153 154 150  86  55  92 152
 126 150 152 153 153 154 155 149 107  99 154 103  29 122  10 120
 130 153 152 154 153 155 132  38   8  44 155 137 124  96  24 139
 130 151 153 154 156 155 131 116   9  74 156 156 142  16 128 155
 134 155 155 156 157 157 157  81  10 115 157 158 146  66 157 156
 137 156 157 158 159 159 156  38  14 112 132 160 132  55 157 158
 135 155 154 157 159 157 150  17  20  84 153 160 160 160 160 159
 137 155  53 117 160 160 155 108 146 161 159 160 161 162 162 160
 141 158  79 125 161 163 154 117 156 160 161 162 160 163 162 163
 143 107  26 137 161 163  77  14 110 161 163 165 164 165 163 163
 130  19 121 104 112 165 120  80 156 164 165 164 166 167 166 164
 136  35  59  31 131 165 165 165 164 164 163 165 167 164 163 163
 148 156 131 149 164 165 167 165 166 166 166 166 166 165 166 164
 151 165 164 165 164 163 165 166 165 164 165 165 163 162 165 164
  77 110 111 115 116 122 126 124 128 127 125 127 128 127 129 127
 100 138 136 137 141 140 140 143 143 145 145 146 145 145 143 144
 115 137 138 142 141 142 142 142 144 144 146 141  82  55  87 144
 114 138 137 141 143 143 142 139  99  95 145 102  31 117  15 118
 117 137 139 142 143 144 121  42  13  45 148 133 118  91  27 132
 119 139 142 143 143 145 123 107  12  70 146 149 135  21 123 148
 123 140 143 141 146 146 147  78  16 109 148 149 138  66 149 148
 126 141 142 145 147 146 142  39  16 106 127 150 132  59 146 149
 123 142 139 144 148 147 138  19  25  85 145 151 151 151 153 151
 126 139  55 110 147 147 143 100 138 148 150 149 152 154 152 152
 128 139  74 117 146 147 141 106 145 151 150 152 152 151 153 151
 126  98  29 127 146 146  76  18 104 152 152 154 150 151 153 151
 118  22 111  96 103 147 111  78 146 150 151 152 155 155 152 151
 120  32  56  32 119 149 150 148 152 153 154 153 154 155 155 153
 134 138 117 134 149 150 150 149 153 152 155 154 154 154 154 155
 135 146 146 146 147 148 150 150 151 150 150 151 152 152 152 154

 135 160 162 132 149 164 165 170 169 172 173 174 172 174 172 175
 135 162 105  17  26 136 167 168 171 172 174 175 175 175 176 175
 133 162  66 126 106  22  75  62 169 171 172 173 177 176 176 172
 135 162  97  31 132 153 155 141 170 174 172 174 176 179 176 174
 137 163 161 112 145 167 171 170 171 171 173 176 175 177 176 175
 133 162 164 162 165 166 168 143 163 172 171 173 174 177 176 175
 133 162 164 109  49  79 120 122  92 171 172 173 172 174 181 173
 138 161 163 120  13  13  15  20  24 154 166 117 165 174 177 175
 136 160 164 162  45 123  88  46  23 113 126  17  87 173 175 175
 134 159 161 163 144 138 168 168 162 166 165  85 129 175 177 176
 131 160 161 163 165 167 167 170 168 171 172 172 175 174 175 173
 125 157 158 162 164 163 165 166 169 171 171 171 119 138 174 173
 125 155 157 160 162 163 161 164 165 125 130 143 113  35 155 172
 119 152 157 159 158 161 162 164 165  60  85  28 126  65 136 170
 116 152 156 158 157 158 162 162 164 165 166 119  21  37 164 171
  76 111 130 130 134 136 140 139 139 141 150 149 137 147 155 158
 130 152 152 120 139 155 156 158 159 160 163 163 164 163 164 164
 134 153  92  10  24 128 157 157 160 162 162 163 166 163 166 165
 130 152  55 122  96  16  66  55 160 162 163 165 167 164 165 162
 132 152  86  29 124 142 146 132 160 161 160 164 166 167 166 163
 135 153 150 103 137 156 158 160 160 160 162 165 164 165 166 165
 131 152 154 154 155 156 157 132 153 159 161 163 165 163 166 165
 131 152 153  99  44  74 115 112  84 161 160 161 164 164 166 164
 134 152 154 107   8   9  10  14  20 146 156 110 156 164 166 165
 131 151 153 149  38 116  81  38  17 108 117  14  80 165 165 166
 134 153 154 155 132 131 157 156 150 155 154  77 120 165 167 165
 128 153 153 154 155 155 157 159 157 160 163 163 165 165 165 163
 124 150 151 153 153 156 157 159 159 160 161 161 112 131 164 164
 124 149 151 153 154 154 156 158 157 117 125 137 104  31 149 165
 121 148 149 152 152 153 155 157 154  53  79  26 121  59 131 164
 117 147 147 150 153 151 155 156 155 155 158 107  19  35 156 165
  81 109 125 126 130 130 134 137 135 137 141 143 130 136 148 151
 127 144 144 118 132 148 148 149 151 152 151 151 151 153 155 154
 129 143  87  15  27 123 149 146 153 152 153 153 152 155 154 152
 127 145  55 117  91  21  66  59 151 154 151 151 155 155 154 152
 128 145  82  31 118 135 138 132 151 152 152 150 155 154 154 152
 127 146 141 102 133 149 149 150 151 149 152 154 152 153 154 151
 125 145 146 145 148 146 148 127 145 150 150 152 151 154 155 150
 127 145 144  95  45  70 109 106  85 148 151 152 150 153 152 150
 128 143 144  99  13  12  16  16  25 138 145 104 146 152 153 151
 124 143 142 139  42 107  78  39  19 100 106  18  78 148 149 150
 126 140 142 142 121 123 147 142 138 143 141  76 111 150 150 150
 122 140 142 143 144 145 146 146 147 147 147 146 147 149 150 148
 116 141 141 143 143 143 146 147 148 147 146 146 103 119 149 147
 115 137 142 141 142 143 141 145 144 110 117 127  96  32 134 146
 111 136 138 137 139 142 143 142 139  55  74  29 111  56 117 146
 110 138 137 138 137 139 140 141 142 139 139  98  22  32 138 146
  77 100 115 114 117 119 123 126 123 126 128 126 118 120 134 135

