 103 168 171 176 174 174 173 173 175 174 178 179 177 176 177 176
 117 170 175 175 176 176 172 139 127 169 179 178 179 181 180 177
 131 172 179 176 175 178 142  38  31 121 180 183 179 182 180 178
 132 173 177 175 177 177 127  37  29 116 177 182 179 181 181 178
 116 170 177 175 178 174 172 122 112 166 173 177 175 176 181 181
 126 168 172 172 174 171 161 104 101 128 168 173 176 176 175 177
 138 167 170 171 169 168 144  34  27  78 169 172 176 179 175 172
 130 166 168 164 164 167 137  30  24  86 167 174 175 178 178 172
 121 166 171 167 167 167 159  34  24  87 169 175 177 180 178 177
 135 168 172 174 170 173 163  34  26  83 171 175 176 177 174 175
 144 165 170 174 177 177 157  33  26  52 176 181 179 177 171 172
 140 171 177 178 177 178 157  33  22  65 178 183 177 181 179 174
 133 168 173 172 172 178 166  33  22  88 177 181 180 177 176 176
 145 170 174 174 174 174 160  41  32 107 177 182 179 178 179 173
 150 169 176 174 175 175 171 151 143 165 178 181 178 179 183 165
  93 128 123 113 125 124 116 130 128 128 138 129 122 128 111 102
  94 158 158 160 158 155 154 153 156 156 158 159 160 163 163 160
 106 159 160 161 160 158 160 126 116 157 160 161 161 164 164 161
 118 160 160 160 159 159 121  15  16 110 162 162 163 164 162 159
 123 160 158 160 161 159 103  12  11  99 160 161 161 162 164 160
 108 159 160 161 158 156 153  95  85 150 156 158 159 161 163 162
 119 157 157 158 161 157 148  88  90 113 156 157 160 159 159 159
 130 157 155 154 154 155 127  12  12  65 158 160 160 160 159 155
 123 153 154 152 152 154 118  10  11  72 154 161 162 161 161 155
 113 152 153 151 153 154 142  11  11  73 155 157 161 161 162 158
 125 152 155 156 156 158 144  12  11  73 157 157 161 160 161 158
 137 153 157 159 160 161 139  11  14  38 161 163 160 161 161 155
 133 157 160 161 163 163 138  11  11  51 164 166 165 165 163 156
 125 156 159 163 163 163 150  13  10  74 165 166 167 165 165 162
 136 157 161 161 162 162 146  15   9  91 168 167 166 168 167 158
 144 156 158 158 161 162 156 130 119 146 165 167 167 169 167 148
  96 125 122 116 127 124 117 130 122 124 133 124 121 127 111 102
  89 140 144 145 142 142 147 145 144 145 144 143 146 146 146 144
 104 144 144 145 144 144 147 116 111 150 151 149 151 147 146 146
 113 144 144 143 144 145 112  17  19 108 150 149 147 147 147 148
 118 145 144 144 145 147  94  10  16  98 148 147 150 148 146 145
 103 145 146 142 141 146 142  82  76 141 149 148 149 149 148 145
 111 142 142 142 142 144 138  84  88 115 149 149 146 148 150 147
 121 140 143 144 144 139 118  14  16  64 147 149 150 150 152 145
 119 143 143 144 143 143 108   9  13  73 148 148 147 149 150 145
 107 138 140 141 139 141 131   9  13  75 149 149 149 149 149 149
 121 138 140 143 143 143 129   8  12  73 150 149 149 148 147 146
 130 141 141 144 145 148 126   9  17  39 151 150 152 149 148 146
 123 143 145 146 147 148 124   9  13  52 153 153 151 146 147 143
 120 146 145 146 147 147 135   9  11  73 153 151 151 150 147 145
 126 142 144 145 145 147 131  13  11  83 148 150 150 148 147 143
 139 145 144 149 148 147 140 114 103 128 148 148 150 150 148 134
  92 116 114 109 116 116 111 121 117 118 125 119 118 122 106  97

 176 177 178 178 181 177 172 172 177 175 172 174 176 173 165 102
 177 180 180 181 181 175 175 178 178 174 171 179 176 179 183 111
 176 181 182 181 176 176 179 178 180 177 177 181 177 178 179 128
 177 179 179 179 175 176 176 175 177 176 179 177 180 179 178 122
 179 178 183 182 177 173 172 174 175 175 181 183 181 182 181 129
 178 179 180 177 173 168 169 167 169 171 176 178 177 177 178 138
 174 169 121 116 166 128  78  86  87  83  52  65  88 107 165 128
 175 127  31  29 112 101  27  24  24  26  26  22  22  32 143 128
 173 139  38  37 122 104  34  30  34  34  33  33  33  41 151 130
 173 172 142 127 172 161 144 137 159 163 157 157 166 160 171 116
 174 176 178 177 174 171 168 167 167 173 177 178 178 174 175 124
 174 176 175 177 178 174 169 164 167 170 177 177 172 174 175 125
 176 175 176 175 175 172 171 164 167 174 174 178 172 174 174 113
 171 175 179 177 177 172 170 168 171 172 170 177 173 174 176 123
 168 170 172 173 170 168 167 166 166 168 165 171 168 170 169 128
 103 117 131 132 116 126 138 130 121 135 144 140 133 145 150  93
 160 161 159 160 162 159 155 155 158 158 155 156 162 158 148 102
 163 164 162 164 163 159 159 161 162 161 161 163 165 167 167 111
 163 164 164 162 161 159 160 161 161 160 161 165 165 168 169 127
 160 161 163 161 159 160 160 162 161 161 160 165 167 166 167 121
 159 161 162 161 158 157 160 161 157 157 163 166 166 167 167 124
 158 160 162 160 156 156 158 154 155 157 161 164 165 168 165 133
 156 157 110  99 150 113  65  72  73  73  38  51  74  91 146 124
 156 116  16  11  85  90  12  11  11  11  14  11  10   9 119 122
 153 126  15  12  95  88  12  10  11  12  11  11  13  15 130 130
 154 160 121 103 153 148 127 118 142 144 139 138 150 146 156 117
 155 158 159 159 156 157 155 154 154 158 161 163 163 162 162 124
 158 160 159 161 158 161 154 152 153 156 160 163 163 162 161 127
 160 161 160 160 161 158 154 152 151 156 159 161 163 161 158 116
 158 160 160 158 160 157 155 154 153 155 157 160 159 161 158 122
 158 159 160 160 159 157 157 153 152 152 153 157 156 157 156 125
  94 106 118 123 108 119 130 123 113 125 137 133 125 136 144  96
 144 146 148 145 145 147 145 145 149 146 146 143 145 143 134  97
 146 146 147 146 148 150 152 150 149 147 148 147 147 147 148 106
 146 147 147 148 149 148 150 149 149 148 149 146 150 148 150 122
 146 151 147 150 149 146 150 147 149 149 152 151 151 150 150 118
 143 149 149 147 148 149 149 148 149 149 150 153 151 150 148 119
 144 151 150 148 149 149 147 148 149 150 151 153 153 148 148 125
 145 150 108  98 141 115  64  73  75  73  39  52  73  83 128 118
 144 111  19  16  76  88  16  13  13  12  17  13  11  11 103 117
 145 116  17  10  82  84  14   9   9   8   9   9   9  13 114 121
 147 147 112  94 142 138 118 108 131 129 126 124 135 131 140 111
 142 144 145 147 146 144 139 143 141 143 148 148 147 147 147 116
 142 144 144 145 141 142 144 143 139 143 145 147 147 145 148 116
 145 145 143 144 142 142 144 144 141 143 144 146 146 145 149 109
 144 144 144 144 146 142 143 143 140 140 141 145 145 144 144 114
 140 144 144 145 145 142 140 143 138 138 141 143 146 142 145 116
  89 104 113 118 103 111 121 119 107 121 130 123 120 126 139  92

 102 111 128 122 129 138 128 128 130 116 124 125 113 123 128  93
 165 183 179 178 181 178 165 143 151 171 175 175 174 176 169 150
 173 179 178 179 182 177 107  32  41 160 174 174 174 174 170 145
 176 176 177 180 181 177  88  22  33 166 178 172 172 173 168 133
 174 179 181 177 183 178  65  22  33 157 178 177 178 177 171 140
 172 171 177 179 181 176  52  26  33 157 177 177 174 170 165 144
 175 174 177 176 175 171  83  26  34 163 173 170 174 172 168 135
 177 178 180 177 175 169  87  24  34 159 167 167 167 171 166 121
 172 178 178 175 174 167  86  24  30 137 167 164 164 168 166 130
 172 175 179 176 172 169  78  27  34 144 168 169 171 170 167 138
 177 175 176 176 173 168 128 101 104 161 171 174 172 172 168 126
 181 181 176 175 177 173 166 112 122 172 174 178 175 177 170 116
 178 181 181 179 182 177 116  29  37 127 177 177 175 177 173 132
 178 180 182 179 183 180 121  31  38 142 178 175 176 179 172 131
 177 180 181 179 178 179 169 127 139 172 176 176 175 175 170 117
 176 177 176 177 179 178 174 175 173 173 174 174 176 171 168 103
 102 111 127 121 124 133 124 122 130 117 124 127 116 122 125  96
 148 167 169 167 167 165 146 119 130 156 162 161 158 158 156 144
 158 167 168 166 167 168  91   9  15 146 162 162 161 161 157 136
 162 165 165 167 166 165  74  10  13 150 163 163 163 159 156 125
 156 163 165 165 166 164  51  11  11 138 163 163 161 160 157 133
 155 161 161 160 163 161  38  14  11 139 161 160 159 157 153 137
 158 161 160 161 157 157  73  11  12 144 158 156 156 155 152 125
 158 162 161 161 157 155  73  11  11 142 154 153 151 153 152 113
 155 161 161 162 161 154  72  11  10 118 154 152 152 154 153 123
 155 159 160 160 160 158  65  12  12 127 155 154 154 155 157 130
 159 159 159 160 157 156 113  90  88 148 157 161 158 157 157 119
 162 163 161 159 158 156 150  85  95 153 156 158 161 160 159 108
 160 164 162 161 161 160  99  11  12 103 159 161 160 158 160 123
 159 162 164 163 162 162 110  16  15 121 159 159 160 160 160 118
 161 164 164 161 161 160 157 116 126 160 158 160 161 160 159 106
 160 163 163 160 159 158 156 156 153 154 155 158 160 158 158  94
  97 106 122 118 119 125 118 117 121 111 116 116 109 114 116  92
 134 148 150 150 148 148 128 103 114 140 147 148 149 144 145 139
 143 147 148 150 150 148  83  11  13 131 147 145 145 144 142 126
 145 147 150 151 151 153  73  11   9 135 147 147 146 145 146 120
 143 147 146 151 153 153  52  13   9 124 148 147 146 145 143 123
 146 148 149 152 150 151  39  17   9 126 148 145 144 141 141 130
 146 147 148 149 149 150  73  12   8 129 143 143 143 140 138 121
 149 149 149 149 149 149  75  13   9 131 141 139 141 140 138 107
 145 150 149 147 148 148  73  13   9 108 143 143 144 143 143 119
 145 152 150 150 149 147  64  16  14 118 139 144 144 143 140 121
 147 150 148 146 149 149 115  88  84 138 144 142 142 142 142 111
 145 148 149 149 148 149 141  76  82 142 146 141 142 146 145 103
 145 146 148 150 147 148  98  16  10  94 147 145 144 144 145 118
 148 147 147 147 149 150 108  19  17 112 145 144 143 144 144 113
 146 146 147 151 149 151 150 111 116 147 144 144 145 144 144 104
 144 146 146 146 143 144 145 144 145 147 142 142 145 144 140  89

  93 150 145 133 140 144 135 121 130 138 126 116 132 131 117 103
 128 169 170 168 171 165 168 166 166 167 168 170 173 172 170 168
 123 176 174 173 177 170 172 171 168 170 172 177 177 179 175 171
 113 174 174 172 178 174 174 167 164 171 172 175 175 176 175 176
 125 175 174 172 177 177 170 167 164 169 174 178 177 175 176 174
 124 175 174 178 178 177 173 167 167 168 171 174 177 178 176 174
 116 171 160 166 157 157 163 159 137 144 161 172 127 142 172 173
 130 151  41  33  33  33  34  34  30  34 104 122  37  38 139 173
 128 143  32  22  22  26  26  24  24  27 101 112  29  31 127 175
 128 165 107  88  65  52  83  87  86  78 128 166 116 121 169 174
 138 178 177 177 178 176 171 169 167 169 168 173 177 180 179 178
 129 181 182 181 183 181 175 175 174 172 173 177 182 183 178 179
 122 178 179 180 177 179 176 177 175 176 176 175 179 179 179 177
 128 179 178 177 181 177 177 180 178 179 176 176 181 182 181 176
 111 183 179 176 179 171 174 178 178 175 175 181 181 180 180 177
 102 165 173 176 174 172 175 177 172 172 177 181 178 178 177 176
  96 144 136 125 133 137 125 113 123 130 119 108 123 118 106  94
 125 156 157 156 157 153 152 152 153 157 157 159 160 160 159 158
 122 158 161 159 160 157 155 153 154 155 157 160 158 160 160 158
 116 158 161 163 161 159 156 151 152 154 158 161 160 160 161 160
 127 161 162 163 163 160 156 153 152 154 161 158 161 159 160 158
 124 162 162 163 163 161 158 154 154 155 157 156 159 159 158 155
 117 156 146 150 138 139 144 142 118 127 148 153 103 121 160 154
 130 130  15  13  11  11  12  11  10  12  88  95  12  15 126 153
 122 119   9  10  11  14  11  11  11  12  90  85  11  16 116 156
 124 146  91  74  51  38  73  73  72  65 113 150  99 110 157 156
 133 165 168 165 164 161 157 155 154 158 156 156 160 162 160 158
 124 167 167 166 166 163 157 157 161 160 157 158 161 162 161 159
 121 167 166 167 165 160 161 161 162 160 160 159 161 163 161 160
 127 169 168 165 165 161 160 161 161 160 159 161 162 164 164 163
 111 167 167 165 163 161 161 162 161 159 159 163 164 162 164 163
 102 148 158 162 156 155 158 158 155 155 159 162 160 159 161 160
  92 139 126 120 123 130 121 107 119 121 111 103 118 113 104  89
 116 145 142 146 143 141 138 138 143 140 142 145 145 144 144 140
 114 144 144 145 145 141 140 140 143 143 142 146 144 144 144 144
 109 149 145 146 146 144 143 141 144 144 142 142 144 143 145 145
 116 148 145 147 147 145 143 139 143 144 142 141 145 144 144 142
 116 147 147 147 148 148 143 141 143 139 144 146 147 145 144 142
 111 140 131 135 124 126 129 131 108 118 138 142  94 112 147 147
 121 114  13   9   9   9   8   9   9  14  84  82  10  17 116 145
 117 103  11  11  13  17  12  13  13  16  88  76  16  19 111 144
 118 128  83  73  52  39  73  75  73  64 115 141  98 108 150 145
 125 148 148 153 153 151 150 149 148 147 149 149 148 150 151 144
 119 148 150 151 153 150 149 149 148 149 149 148 147 149 149 143
 118 150 150 151 151 152 149 149 147 150 146 149 150 147 151 146
 122 150 148 150 146 149 148 149 149 150 148 149 148 147 147 146
 106 148 147 147 147 148 147 149 150 152 150 148 146 147 146 146
  97 134 143 145 143 146 146 149 145 145 147 145 145 148 146 144

