 169 191 191 192 192 194 193 194 196 195 195 195 194 195 194 195
 175 190 193 193 193 195 195 194 195 195 196 196 196 194 192 192
 164 189 191 190 188 190 191 194 194 195 196 195 196 194 195 193
 160 186 186 187 186 186 191 192 191 192 193 193 195 195 193 191
 166 185 187 176 183 186 187 186 182 170 148 135 186 192 190 191
 171 183 185 143  71  70  69  50  67  68  79  75 140 192 190 184
 173 183 182 185 142 141 176 185 184 188 187 188 186 188 187 179
 171 183 181 182 185 185 184 184 187 186 186 185 188 188 188 184
 171 180 181 181 182 183 184 182 184 184 183 184 175 181 184 181
 170 175 124 167 168 162 152 136 117  94  75  65  24  72 177 181
 163 174 111  28  48  81 104 130 137 143 147 166 152 137 179 178
 167 177 175 145 173 178 178 178 179 182 180 180 180 181 181 170
 162 171 174 175 176 177 177 178 178 178 180 179 179 178 179 168
 164 171 168 174 175 174 174 176 176 175 176 176 173 178 179 173
 162 169 170 172 172 174 172 172 173 173 173 174 173 175 170 170
 136 129 136 135 135 136 134 135 129 131 130 125 130 125 124 119
 167 181 182 184 183 185 187 185 184 184 186 185 184 183 184 179
 174 181 182 183 184 184 184 185 185 185 185 185 185 185 184 180
 160 179 178 180 180 182 181 183 184 185 185 183 183 184 183 180
 160 178 179 179 177 179 181 183 182 182 183 182 183 183 182 179
 167 179 177 168 176 176 177 179 179 164 145 133 180 181 183 178
 170 176 175 128  65  69  58  37  57  57  63  58 127 180 181 176
 170 174 174 174 126 130 162 174 174 177 176 177 177 176 178 170
 171 173 173 172 175 175 175 176 175 176 177 177 178 177 176 172
 168 172 171 171 173 175 175 173 173 174 174 174 171 175 177 172
 169 170 121 168 167 160 152 132 118  95  71  63  22  75 172 171
 164 169  99  22  43  70  89 113 119 129 131 153 135 120 172 169
 166 169 164 128 162 169 171 170 171 172 171 173 171 171 171 161
 164 168 168 168 168 168 168 169 171 170 170 171 170 170 170 159
 161 166 167 166 165 168 168 168 169 169 170 169 170 169 169 165
 161 163 164 166 165 167 167 167 167 166 166 168 167 169 168 163
 146 134 141 138 137 138 137 137 136 134 135 132 133 128 130 123
 159 166 165 168 168 168 171 171 173 172 171 171 171 172 169 171
 168 171 169 169 168 170 172 175 174 175 173 175 171 175 171 167
 154 165 166 164 166 167 171 172 172 173 174 172 171 171 168 169
 154 165 164 163 165 167 166 169 171 171 170 173 173 171 168 168
 158 164 165 157 165 166 165 166 167 156 136 128 172 171 165 168
 159 160 161 119  68  71  63  43  60  61  64  58 125 168 166 163
 164 159 158 159 114 117 150 158 159 162 164 164 167 166 163 157
 159 157 156 160 161 162 162 163 160 162 164 163 164 164 163 160
 163 159 158 161 163 161 162 160 163 161 162 163 160 163 164 161
 160 156 117 156 154 150 142 127 112  93  75  66  29  79 164 159
 155 153  89  29  46  69  86 109 114 117 120 139 125 110 158 158
 156 154 149 117 151 154 158 157 158 160 159 158 158 157 158 148
 154 152 154 154 156 158 162 159 158 159 157 159 159 157 159 148
 151 152 153 152 154 155 155 157 156 157 155 156 157 159 157 152
 149 152 155 150 153 153 151 154 153 156 158 155 156 155 158 155
 137 128 134 132 130 132 129 132 128 128 129 128 125 123 125 116

 195 192 193 191 191 184 179 184 181 181 178 170 168 173 170 119
 194 192 195 193 190 190 187 188 184 177 179 181 179 179 170 124
 195 194 194 195 192 192 188 188 181  72 137 181 178 178 175 125
 194 196 196 195 186 140 186 188 175  24 152 180 179 173 173 130
 195 196 195 193 135  75 188 185 184  65 166 180 179 176 174 125
 195 196 196 193 148  79 187 186 183  75 147 180 180 176 173 130
 195 195 195 192 170  68 188 186 184  94 143 182 178 175 173 131
 196 195 194 191 182  67 184 187 184 117 137 179 178 176 173 129
 194 194 194 192 186  50 185 184 182 136 130 178 178 176 172 135
 193 195 191 191 187  69 176 184 184 152 104 178 177 174 172 134
 194 195 190 186 186  70 141 185 183 162  81 178 177 174 174 136
 192 193 188 186 183  71 142 185 182 168  48 173 176 175 172 135
 192 193 190 187 176 143 185 182 181 167  28 145 175 174 172 135
 191 193 191 186 187 185 182 181 181 124 111 175 174 168 170 136
 191 190 189 186 185 183 183 183 180 175 174 177 171 171 169 129
 169 175 164 160 166 171 173 171 171 170 163 167 162 164 162 136
 179 180 180 179 178 176 170 172 172 171 169 161 159 165 163 123
 184 184 183 182 183 181 178 176 177 172 172 171 170 169 168 130
 183 185 184 183 181 180 176 177 175  75 120 171 170 169 169 128
 184 185 183 183 180 127 177 178 171  22 135 171 170 170 167 133
 185 185 183 182 133  58 177 177 174  63 153 173 171 169 168 132
 186 185 185 183 145  63 176 177 174  71 131 171 170 170 166 135
 184 185 185 182 164  57 177 176 174  95 129 172 170 169 166 134
 184 185 184 182 179  57 174 175 173 118 119 171 171 169 167 136
 185 185 183 183 179  37 174 176 173 132 113 170 169 168 167 137
 187 184 181 181 177  58 162 175 175 152  89 171 168 168 167 137
 185 184 182 179 176  69 130 175 175 160  70 169 168 168 167 138
 183 184 180 177 176  65 126 175 173 167  43 162 168 165 165 137
 184 183 180 179 168 128 174 172 171 168  22 128 168 166 166 138
 182 182 178 179 177 175 174 173 171 121  99 164 168 167 164 141
 181 181 179 178 179 176 174 173 172 170 169 169 168 166 163 134
 167 174 160 160 167 170 170 171 168 169 164 166 164 161 161 146
 171 167 169 168 168 163 157 160 161 159 158 148 148 152 155 116
 169 171 168 168 165 166 163 163 164 164 158 158 159 157 158 125
 172 175 171 171 171 168 166 164 163  79 110 157 157 159 155 123
 171 171 171 173 172 125 167 164 160  29 125 158 159 157 156 125
 171 175 172 173 128  58 164 163 163  66 139 158 159 156 155 128
 171 173 174 170 136  64 164 164 162  75 120 159 157 155 158 129
 172 175 173 171 156  61 162 162 161  93 117 160 159 157 156 128
 173 174 172 171 167  60 159 160 163 112 114 158 158 156 153 128
 171 175 172 169 166  43 158 163 160 127 109 157 159 157 154 132
 171 172 171 166 165  63 150 162 162 142  86 158 162 155 151 129
 168 170 167 167 166  71 117 162 161 150  69 154 158 155 153 132
 168 168 166 165 165  68 114 161 163 154  46 151 156 154 153 130
 168 169 164 163 157 119 159 160 161 156  29 117 154 152 150 132
 165 169 166 164 165 161 158 156 158 117  89 149 154 153 155 134
 166 171 165 165 164 160 159 157 159 156 153 154 152 152 152 128
 159 168 154 154 158 159 164 159 163 160 155 156 154 151 149 137

 119 124 125 130 125 130 131 129 135 134 136 135 135 136 129 136
 170 170 175 173 174 173 173 173 172 172 174 172 172 170 169 162
 173 179 178 173 176 176 175 176 176 174 174 175 174 168 171 164
 168 179 178 179 179 180 178 178 178 177 177 176 175 174 171 162
 170 181 181 180 180 180 182 179 178 178 178 173 145 175 177 167
 178 179 137 152 166 147 143 137 130 104  81  48  28 111 174 163
 181 177  72  24  65  75  94 117 136 152 162 168 167 124 175 170
 181 184 181 175 184 183 184 184 182 184 183 182 181 181 180 171
 184 188 188 188 185 186 186 187 184 184 185 185 182 181 183 171
 179 187 188 186 188 187 188 184 185 176 141 142 185 182 183 173
 184 190 192 140  75  79  68  67  50  69  70  71 143 185 183 171
 191 190 192 186 135 148 170 182 186 187 186 183 176 187 185 166
 191 193 195 195 193 193 192 191 192 191 186 186 187 186 186 160
 193 195 194 196 195 196 195 194 194 191 190 188 190 191 189 164
 192 192 194 196 196 196 195 195 194 195 195 193 193 193 190 175
 195 194 195 194 195 195 195 196 194 193 194 192 192 191 191 169
 123 130 128 133 132 135 134 136 137 137 138 137 138 141 134 146
 163 168 169 167 168 166 166 167 167 167 167 165 166 164 163 161
 165 169 169 170 169 170 169 169 168 168 168 165 166 167 166 161
 159 170 170 170 171 170 170 171 169 168 168 168 168 168 168 164
 161 171 171 171 173 171 172 171 170 171 169 162 128 164 169 166
 169 172 120 135 153 131 129 119 113  89  70  43  22  99 169 164
 171 172  75  22  63  71  95 118 132 152 160 167 168 121 170 169
 172 177 175 171 174 174 174 173 173 175 175 173 171 171 172 168
 172 176 177 178 177 177 176 175 176 175 175 175 172 173 173 171
 170 178 176 177 177 176 177 174 174 162 130 126 174 174 174 170
 176 181 180 127  58  63  57  57  37  58  69  65 128 175 176 170
 178 183 181 180 133 145 164 179 179 177 176 176 168 177 179 167
 179 182 183 183 182 183 182 182 183 181 179 177 179 179 178 160
 180 183 184 183 183 185 185 184 183 181 182 180 180 178 179 160
 180 184 185 185 185 185 185 185 185 184 184 184 183 182 181 174
 179 184 183 184 185 186 184 184 185 187 185 183 184 182 181 167
 116 125 123 125 128 129 128 128 132 129 132 130 132 134 128 137
 155 158 155 156 155 158 156 153 154 151 153 153 150 155 152 149
 152 157 159 157 156 155 157 156 157 155 155 154 152 153 152 151
 148 159 157 159 159 157 159 158 159 162 158 156 154 154 152 154
 148 158 157 158 158 159 160 158 157 158 154 151 117 149 154 156
 158 158 110 125 139 120 117 114 109  86  69  46  29  89 153 155
 159 164  79  29  66  75  93 112 127 142 150 154 156 117 156 160
 161 164 163 160 163 162 161 163 160 162 161 163 161 158 159 163
 160 163 164 164 163 164 162 160 163 162 162 161 160 156 157 159
 157 163 166 167 164 164 162 159 158 150 117 114 159 158 159 164
 163 166 168 125  58  64  61  60  43  63  71  68 119 161 160 159
 168 165 171 172 128 136 156 167 166 165 166 165 157 165 164 158
 168 168 171 173 173 170 171 171 169 166 167 165 163 164 165 154
 169 168 171 171 172 174 173 172 172 171 167 166 164 166 165 154
 167 171 175 171 175 173 175 174 175 172 170 168 169 169 171 168
 171 169 172 171 171 171 172 173 171 171 168 168 168 165 166 159

 136 162 164 162 167 163 170 171 171 173 171 166 160 164 175 169
 129 169 171 171 177 174 175 180 183 183 183 185 186 189 190 191
 136 170 168 174 175 111 124 181 181 182 185 187 186 191 193 191
 135 172 174 175 145  28 167 181 182 185 143 176 187 190 193 192
 135 172 175 176 173  48 168 182 185 142  71 183 186 188 193 192
 136 174 174 177 178  81 162 183 185 141  70 186 186 190 195 194
 134 172 174 177 178 104 152 184 184 176  69 187 191 191 195 193
 135 172 176 178 178 130 136 182 184 185  50 186 192 194 194 194
 129 173 176 178 179 137 117 184 187 184  67 182 191 194 195 196
 131 173 175 178 182 143  94 184 186 188  68 170 192 195 195 195
 130 173 176 180 180 147  75 183 186 187  79 148 193 196 196 195
 125 174 176 179 180 166  65 184 185 188  75 135 193 195 196 195
 130 173 173 179 180 152  24 175 188 186 140 186 195 196 196 194
 125 175 178 178 181 137  72 181 188 188 192 192 195 194 194 195
 124 170 179 179 181 179 177 184 188 187 190 190 193 195 192 194
 119 170 173 168 170 178 181 181 184 179 184 191 191 193 192 195
 146 161 161 164 166 164 169 168 171 170 170 167 160 160 174 167
 134 163 166 168 169 169 170 172 173 174 176 179 178 179 181 181
 141 164 167 168 164  99 121 171 173 174 175 177 179 178 182 182
 138 166 166 168 128  22 168 171 172 174 128 168 179 180 183 184
 137 165 165 168 162  43 167 173 175 126  65 176 177 180 184 183
 138 167 168 168 169  70 160 175 175 130  69 176 179 182 184 185
 137 167 168 168 171  89 152 175 175 162  58 177 181 181 184 187
 137 167 168 169 170 113 132 173 176 174  37 179 183 183 185 185
 136 167 169 171 171 119 118 173 175 174  57 179 182 184 185 184
 134 166 169 170 172 129  95 174 176 177  57 164 182 185 185 184
 135 166 170 170 171 131  71 174 177 176  63 145 183 185 185 186
 132 168 169 171 173 153  63 174 177 177  58 133 182 183 185 185
 133 167 170 170 171 135  22 171 178 177 127 180 183 183 185 184
 128 169 169 170 171 120  75 175 177 176 180 181 183 184 185 183
 130 168 169 170 171 172 172 177 176 178 181 183 182 183 184 184
 123 163 165 159 161 169 171 172 172 170 176 178 179 180 180 179
 137 149 151 154 156 155 160 163 159 164 159 158 154 154 168 159
 128 152 152 152 154 153 156 159 157 159 160 164 165 165 171 166
 134 155 153 154 149  89 117 158 156 158 161 165 164 166 169 165
 132 150 152 154 117  29 156 161 160 159 119 157 163 164 169 168
 130 153 154 156 151  46 154 163 161 114  68 165 165 166 168 168
 132 153 155 158 154  69 150 161 162 117  71 166 167 167 170 168
 129 151 155 162 158  86 142 162 162 150  63 165 166 171 172 171
 132 154 157 159 157 109 127 160 163 158  43 166 169 172 175 171
 128 153 156 158 158 114 112 163 160 159  60 167 171 172 174 173
 128 156 157 159 160 117  93 161 162 162  61 156 171 173 175 172
 129 158 155 157 159 120  75 162 164 164  64 136 170 174 173 171
 128 155 156 159 158 139  66 163 163 164  58 128 173 172 175 171
 125 156 157 159 158 125  29 160 164 167 125 172 173 171 171 171
 123 155 159 157 157 110  79 163 164 166 168 171 171 171 175 172
 125 158 157 159 158 158 164 164 163 163 166 165 168 168 171 169
 116 155 152 148 148 158 159 161 160 157 163 168 168 169 167 171

