 150 200 201 199 201 207 202 202 206 202 202 206 197 198 200 193
 148 202 201 204 203 202 204 204 209 205 203 205 207 203 207 201
 166 204 204 206 201 205 203 204 203 204 200 203 205 201 204 197
 188 206 204 203 199 205 203 198 203 201 200 203 202 204 200 193
 189 201 204 184  67 164 200 190 166 201 201 198 205 205 202 196
 183 199 200 163  38 179 201 160  51 195 202 195 199 199 198 195
 177 200 204 164  36 184 193 154  45 191 196 188 193 197 193 189
 172 198 195 164  37 174 188 125  45 193 190 192 199 193 194 191
 167 189 190 160  35 132 140  98  51 169 174 175 177 185 196 189
 167 190 197 165  36  33  33  32  28  34  36  38  41 139 192 188
 166 188 192 182 133 104  94  94  96 103 101 101 105 160 192 192
 164 188 189 194 188 189 191 189 191 196 191 186 193 190 193 189
 156 184 188 190 183 192 192 194 192 194 194 187 187 187 188 187
 161 183 186 188 186 190 194 192 187 188 193 187 187 187 186 183
 157 181 184 188 187 184 188 189 190 192 188 186 186 184 185 183
 129 153 152 155 151 148 152 151 154 151 147 149 147 138 142 137
 121 152 153 154 153 153 154 154 156 156 156 157 152 154 154 153
 118 152 154 156 153 155 155 154 156 156 157 156 155 155 155 155
 134 154 156 157 155 154 154 156 154 154 155 153 155 153 155 153
 149 154 157 155 153 152 155 155 152 153 154 151 153 155 155 154
 148 154 154 138  47 126 154 146 129 154 153 152 153 155 153 150
 149 152 152 123  31 141 154 117  40 151 153 153 153 152 151 150
 145 152 151 123  31 149 150 115  38 151 153 152 153 154 154 150
 142 151 152 123  31 146 147  95  39 152 151 152 152 153 151 151
 139 149 149 122  29 120 120  86  49 148 147 149 146 149 151 151
 141 150 150 124  28  29  30  29  27  30  31  30  32 111 150 150
 137 149 151 140 102  77  74  74  73  76  75  75  74 128 151 151
 136 149 150 151 151 150 149 149 151 149 149 150 149 151 150 150
 137 147 149 149 151 152 149 149 151 151 153 151 149 149 150 148
 135 149 149 151 150 152 150 148 150 150 151 151 150 151 148 147
 132 149 148 149 149 152 149 152 150 151 151 147 146 149 147 148
 120 132 133 131 130 131 131 130 128 129 129 126 126 125 123 122
 109 144 142 143 141 142 146 143 140 147 142 143 142 144 150 144
 105 143 145 141 145 145 145 146 143 147 145 146 147 143 147 144
 123 147 145 145 145 146 144 147 147 146 148 146 147 146 145 146
 137 144 138 142 142 144 144 146 144 143 144 144 145 144 142 147
 132 145 140 128  46 119 146 136 120 144 141 146 144 142 143 144
 134 143 143 118  31 135 144 112  36 143 141 149 143 144 145 148
 135 142 142 117  31 137 139 109  37 141 141 144 144 146 142 143
 129 142 144 121  31 137 136  89  38 142 141 139 145 146 141 141
 129 142 143 116  29 115 108  81  49 137 140 138 140 138 144 140
 133 144 146 117  28  28  29  29  27  29  31  30  32 102 142 142
 131 141 142 131 100  72  71  72  70  72  72  75  76 118 145 144
 133 140 141 138 144 139 141 143 142 142 141 141 146 143 145 149
 132 146 140 138 139 139 143 140 140 140 145 137 140 141 145 144
 131 147 140 140 142 139 139 142 145 142 141 139 144 139 141 138
 128 142 138 139 142 140 140 141 147 142 140 141 145 143 143 142
 118 128 128 126 127 125 127 121 124 123 122 120 124 124 119 120

 193 201 197 193 196 195 189 191 189 188 192 189 187 183 183 137
 200 207 204 200 202 198 193 194 196 192 192 193 188 186 185 142
 198 203 201 204 205 199 197 193 185 139 160 190 187 187 184 138
 197 207 205 202 205 199 193 199 177  41 105 193 187 187 186 147
 206 205 203 203 198 195 188 192 175  38 101 186 187 187 186 149
 202 203 200 200 201 202 196 190 174  36 101 191 194 193 188 147
 202 205 204 201 201 195 191 193 169  34 103 196 194 188 192 151
 206 209 203 203 166  51  45  45  51  28  96 191 192 187 190 154
 202 204 204 198 190 160 154 125  98  32  94 189 194 192 189 151
 202 204 203 203 200 201 193 188 140  33  94 191 192 194 188 152
 207 202 205 205 164 179 184 174 132  33 104 189 192 190 184 148
 201 203 201 199  67  38  36  37  35  36 133 188 183 186 187 151
 199 204 206 203 184 163 164 164 160 165 182 194 190 188 188 155
 201 201 204 204 204 200 204 195 190 197 192 189 188 186 184 152
 200 202 204 206 201 199 200 198 189 190 188 188 184 183 181 153
 150 148 166 188 189 183 177 172 167 167 166 164 156 161 157 129
 153 155 153 154 150 150 150 151 151 150 151 150 148 147 148 122
 154 155 155 155 153 151 154 151 151 150 151 150 150 148 147 123
 154 155 153 155 155 152 154 153 149 111 128 151 149 151 149 125
 152 155 155 153 153 153 153 152 146  32  74 149 149 150 146 126
 157 156 153 151 152 153 152 152 149  30  75 150 151 151 147 126
 156 157 155 154 153 153 153 151 147  31  75 149 153 151 151 129
 156 156 154 153 154 151 151 152 148  30  76 149 151 150 151 129
 156 156 154 152 129  40  38  39  49  27  73 151 151 150 150 128
 154 154 156 155 146 117 115  96  86  29  74 149 149 148 152 130
 154 155 154 155 154 154 150 147 120  30  74 149 149 150 149 131
 153 155 154 152 126 141 149 146 120  29  77 150 152 152 152 131
 153 153 155 153  47  31  31  31  29  28 102 151 151 150 149 130
 154 156 157 155 138 123 123 123 122 124 140 151 149 151 149 131
 153 154 156 157 154 152 151 152 149 150 151 150 149 149 148 133
 152 152 154 154 154 152 152 151 149 150 149 149 147 149 149 132
 121 118 134 149 148 149 145 142 139 141 137 136 137 135 132 120
 144 144 146 147 144 148 143 141 140 142 144 149 144 138 142 120
 150 147 145 142 143 145 142 141 144 142 145 145 145 141 143 119
 144 143 146 144 142 144 146 146 138 102 118 143 141 139 143 124
 142 147 147 145 144 143 144 145 140  32  76 146 140 144 145 124
 143 146 146 144 146 149 144 139 138  30  75 141 137 139 141 120
 142 145 148 144 141 141 141 141 140  31  72 141 145 141 140 122
 147 147 146 143 144 143 141 142 137  29  72 142 140 142 142 123
 140 143 147 144 120  36  37  38  49  27  70 142 140 145 147 124
 143 146 147 146 136 112 109  89  81  29  72 143 140 142 141 121
 146 145 144 144 146 144 139 136 108  29  71 141 143 139 140 127
 142 145 146 144 119 135 137 137 115  28  72 139 139 139 140 125
 141 145 145 142  46  31  31  31  29  28 100 144 139 142 142 127
 143 141 145 142 128 118 117 121 116 117 131 138 138 140 139 126
 142 145 145 138 140 143 142 144 143 146 142 141 140 140 138 128
 144 143 147 144 145 143 142 142 142 144 141 140 146 147 142 128
 109 105 123 137 132 134 135 129 129 133 131 133 132 131 128 118

 137 142 138 147 149 147 151 154 151 152 148 151 155 152 153 129
 183 185 184 186 186 188 192 190 189 188 184 187 188 184 181 157
 183 186 187 187 187 193 188 187 192 194 190 186 188 186 183 161
 187 188 187 187 187 194 194 192 194 192 192 183 190 188 184 156
 189 193 190 193 186 191 196 191 189 191 189 188 194 189 188 164
 192 192 160 105 101 101 103  96  94  94 104 133 182 192 188 166
 188 192 139  41  38  36  34  28  32  33  33  36 165 197 190 167
 189 196 185 177 175 174 169  51  98 140 132  35 160 190 189 167
 191 194 193 199 192 190 193  45 125 188 174  37 164 195 198 172
 189 193 197 193 188 196 191  45 154 193 184  36 164 204 200 177
 195 198 199 199 195 202 195  51 160 201 179  38 163 200 199 183
 196 202 205 205 198 201 201 166 190 200 164  67 184 204 201 189
 193 200 204 202 203 200 201 203 198 203 205 199 203 204 206 188
 197 204 201 205 203 200 204 203 204 203 205 201 206 204 204 166
 201 207 203 207 205 203 205 209 204 204 202 203 204 201 202 148
 193 200 198 197 206 202 202 206 202 202 207 201 199 201 200 150
 122 123 125 126 126 129 129 128 130 131 131 130 131 133 132 120
 148 147 149 146 147 151 151 150 152 149 152 149 149 148 149 132
 147 148 151 150 151 151 150 150 148 150 152 150 151 149 149 135
 148 150 149 149 151 153 151 151 149 149 152 151 149 149 147 137
 150 150 151 149 150 149 149 151 149 149 150 151 151 150 149 136
 151 151 128  74  75  75  76  73  74  74  77 102 140 151 149 137
 150 150 111  32  30  31  30  27  29  30  29  28 124 150 150 141
 151 151 149 146 149 147 148  49  86 120 120  29 122 149 149 139
 151 151 153 152 152 151 152  39  96 147 146  31 123 152 151 142
 150 154 154 153 152 153 151  38 115 150 149  31 123 151 152 145
 150 151 152 153 153 153 151  40 117 154 141  31 123 152 152 149
 150 153 155 153 152 153 154 129 146 154 126  47 138 154 154 148
 154 155 155 153 151 154 153 152 155 155 152 153 155 157 154 149
 153 155 153 155 153 155 154 154 156 154 154 155 157 156 154 134
 155 155 155 155 156 157 156 156 154 155 155 153 156 154 152 118
 153 154 154 152 157 156 156 156 154 154 153 153 154 153 152 121
 120 119 124 124 120 122 123 124 121 127 125 127 126 128 128 118
 142 143 143 145 141 140 142 147 141 140 140 142 139 138 142 128
 138 141 139 144 139 141 142 145 142 139 139 142 140 140 147 131
 144 145 141 140 137 145 140 140 140 143 139 139 138 140 146 132
 149 145 143 146 141 141 142 142 143 141 139 144 138 141 140 133
 144 145 118  76  75  72  72  70  72  71  72 100 131 142 141 131
 142 142 102  32  30  31  29  27  29  29  28  28 117 146 144 133
 140 144 138 140 138 140 137  49  81 108 115  29 116 143 142 129
 141 141 146 145 139 141 142  38  89 136 137  31 121 144 142 129
 143 142 146 144 144 141 141  37 109 139 137  31 117 142 142 135
 148 145 144 143 149 141 143  36 112 144 135  31 118 143 143 134
 144 143 142 144 146 141 144 120 136 146 119  46 128 140 145 132
 147 142 144 145 144 144 143 144 146 144 144 142 142 138 144 137
 146 145 146 147 146 148 146 147 147 144 146 145 145 145 147 123
 144 147 143 147 146 145 147 143 146 145 145 145 141 145 143 105
 144 150 144 142 143 142 147 140 143 146 142 141 143 142 144 109

 129 157 161 156 164 166 167 167 172 177 183 189 188 166 148 150
 153 181 183 184 188 188 190 189 198 200 199 201 206 204 202 200
 152 184 186 188 189 192 197 190 195 204 200 204 204 204 201 201
 155 188 188 190 194 182 165 160 164 164 163 184 203 206 204 199
 151 187 186 183 188 133  36  35  37  36  38  67 199 201 203 201
 148 184 190 192 189 104  33 132 174 184 179 164 205 205 202 207
 152 188 194 192 191  94  33 140 188 193 201 200 203 203 204 202
 151 189 192 194 189  94  32  98 125 154 160 190 198 204 204 202
 154 190 187 192 191  96  28  51  45  45  51 166 203 203 209 206
 151 192 188 194 196 103  34 169 193 191 195 201 201 204 205 202
 147 188 193 194 191 101  36 174 190 196 202 201 200 200 203 202
 149 186 187 187 186 101  38 175 192 188 195 198 203 203 205 206
 147 186 187 187 193 105  41 177 199 193 199 205 202 205 207 197
 138 184 187 187 190 160 139 185 193 197 199 205 204 201 203 198
 142 185 186 188 193 192 192 196 194 193 198 202 200 204 207 200
 137 183 183 187 189 192 188 189 191 189 195 196 193 197 201 193
 120 132 135 137 136 137 141 139 142 145 149 148 149 134 118 121
 132 149 149 147 149 149 150 149 151 152 152 154 154 154 152 152
 133 148 149 149 150 151 150 149 152 151 152 154 157 156 154 153
 131 149 151 149 151 140 124 122 123 123 123 138 155 157 156 154
 130 149 150 151 151 102  28  29  31  31  31  47 153 155 153 153
 131 152 152 152 150  77  29 120 146 149 141 126 152 154 155 153
 131 149 150 149 149  74  30 120 147 150 154 154 155 154 155 154
 130 152 148 149 149  74  29  86  95 115 117 146 155 156 154 154
 128 150 150 151 151  73  27  49  39  38  40 129 152 154 156 156
 129 151 150 151 149  76  30 148 152 151 151 154 153 154 156 156
 129 151 151 153 149  75  31 147 151 153 153 153 154 155 157 156
 126 147 151 151 150  75  30 149 152 152 153 152 151 153 156 157
 126 146 150 149 149  74  32 146 152 153 153 153 153 155 155 152
 125 149 151 149 151 128 111 149 153 154 152 155 155 153 155 154
 123 147 148 150 150 151 150 151 151 154 151 153 155 155 155 154
 122 148 147 148 150 151 150 151 151 150 150 150 154 153 155 153
 118 128 131 132 133 131 133 129 129 135 134 132 137 123 105 109
 128 142 147 146 140 141 144 142 142 142 143 145 144 147 143 144
 128 138 140 140 141 142 146 143 144 142 143 140 138 145 145 142
 126 139 140 138 138 131 117 116 121 117 118 128 142 145 141 143
 127 142 142 139 144 100  28  29  31  31  31  46 142 145 145 141
 125 140 139 139 139  72  28 115 137 137 135 119 144 146 145 142
 127 140 139 143 141  71  29 108 136 139 144 146 144 144 145 146
 121 141 142 140 143  72  29  81  89 109 112 136 146 147 146 143
 124 147 145 140 142  70  27  49  38  37  36 120 144 147 143 140
 123 142 142 140 142  72  29 137 142 141 143 144 143 146 147 147
 122 140 141 145 141  72  31 140 141 141 141 141 144 148 145 142
 120 141 139 137 141  75  30 138 139 144 149 146 144 146 146 143
 124 145 144 140 146  76  32 140 145 144 143 144 145 147 147 142
 124 143 139 141 143 118 102 138 146 146 144 142 144 146 143 144
 119 143 141 145 145 145 142 144 141 142 145 143 142 145 147 150
 120 142 138 144 149 144 142 140 141 143 148 144 147 146 144 144

