 143 199 200 201 203 201 202 198 197 195 195 197 197 194 194 186
 148 224 231 230 226 225 227 224 222 226 225 228 232 230 231 227
 147 218 226 230 228 226 227 221 227 231 229 234 232 231 228 228
 156 220 224 225 215 211 213 212 218 219 224 229 226 230 232 232
 164 221 224 221  92  55  56  53  51  57  62  63 169 230 234 230
 165 216 219 217 208 208 201 121  46 180 213 213 220 230 231 230
 171 223 221 218 221 223 221 129  53 194 230 234 233 235 234 234
 152 218 220 217 219 227 228 134  53 196 230 238 240 236 234 228
 137 216 217 220 224 230 231 153  49 205 236 240 237 235 234 230
 134 214 214 218 226 225 225 166  50 200 232 235 232 235 240 236
 139 214 216 217 225 228 224 158  55 169 232 236 229 234 233 234
 144 214 220 226 224 228 230 156  51 170 225 232 229 230 229 230
 146 207 220 225 227 230 233 148  40 171 226 232 228 230 234 235
 148 213 222 221 222 232 232 212 192 218 229 232 236 233 237 238
 136 220 224 224 231 230 229 229 225 229 228 231 232 232 238 237
 126 215 224 222 221 214 210 214 222 230 232 231 226 228 231 232
 121 159 157 158 159 157 158 154 155 155 154 154 153 149 149 146
 121 169 170 171 170 169 169 168 170 173 172 173 176 174 171 169
 123 170 170 168 167 167 170 170 170 171 174 177 178 178 171 173
 126 168 170 170 160 161 161 163 165 168 173 176 174 173 171 170
 131 167 167 166  49  33  32  38  37  36  42  40 132 174 174 172
 136 169 169 168 160 158 157  88  28 145 162 161 167 177 178 174
 139 167 166 166 167 168 169  89  30 158 176 179 179 175 172 172
 133 167 166 164 165 171 171  88  32 161 176 180 178 176 176 174
 118 167 164 166 169 170 170 111  32 169 177 176 176 176 178 174
 114 167 165 168 169 170 170 122  32 161 176 178 176 173 176 173
 117 165 165 166 169 170 173 117  34 135 171 174 175 175 176 176
 122 168 166 166 169 172 174 113  30 141 173 173 174 174 173 175
 124 168 169 168 171 172 173 106  29 141 171 171 174 174 174 177
 128 168 168 171 173 173 171 161 146 168 176 170 174 177 176 177
 118 168 170 171 171 172 172 171 172 174 173 174 174 175 176 176
 109 169 168 167 175 170 165 168 169 170 172 172 173 175 175 174
 109 142 142 145 144 142 139 135 135 136 136 137 136 135 137 133
 111 154 151 153 153 152 150 146 151 158 152 154 157 156 157 155
 110 157 158 157 152 148 151 151 154 156 157 155 155 156 156 154
 118 157 152 155 147 146 147 146 149 147 152 159 157 156 160 159
 123 153 154 152  43  30  31  37  35  33  38  36 120 154 154 152
 126 154 150 149 141 142 140  80  26 130 147 146 148 157 155 155
 132 160 156 150 149 146 148  81  31 147 160 157 154 157 156 156
 118 149 150 149 152 153 153  76  31 148 157 158 158 158 160 155
 108 150 151 153 153 156 154 100  26 150 160 162 158 157 157 152
 106 152 152 151 153 157 156 109  28 148 157 161 158 157 158 156
 109 151 151 150 154 154 157 108  32 124 154 156 156 160 160 155
 108 148 149 152 152 157 157 103  28 125 152 158 158 156 158 160
 113 154 154 156 158 157 156  98  26 127 153 156 154 156 158 159
 119 152 153 157 155 157 157 141 123 145 155 156 157 154 156 159
 112 158 158 154 154 158 158 154 154 157 154 161 159 156 158 158
 101 156 160 153 160 158 153 155 150 153 159 156 155 156 153 153

 186 227 228 232 230 230 234 228 230 236 234 230 235 238 237 232
 194 231 228 232 234 231 234 234 234 240 233 229 234 237 238 231
 194 230 231 230 230 230 235 236 235 235 234 230 230 233 232 228
 197 232 232 226 169 220 233 240 237 232 229 229 228 236 232 226
 197 228 234 229  63 213 234 238 240 235 236 232 232 232 231 231
 195 225 229 224  62 213 230 230 236 232 232 225 226 229 228 232
 195 226 231 219  57 180 194 196 205 200 169 170 171 218 229 230
 197 222 227 218  51  46  53  53  49  50  55  51  40 192 225 222
 198 224 221 212  53 121 129 134 153 166 158 156 148 212 229 214
 202 227 227 213  56 201 221 228 231 225 224 230 233 232 229 210
 201 225 226 211  55 208 223 227 230 225 228 228 230 232 230 214
 203 226 228 215  92 208 221 219 224 226 225 224 227 222 231 221
 201 230 230 225 221 217 218 217 220 218 217 226 225 221 224 222
 200 231 226 224 224 219 221 220 217 214 216 220 220 222 224 224
 199 224 218 220 221 216 223 218 216 214 214 214 207 213 220 215
 143 148 147 156 164 165 171 152 137 134 139 144 146 148 136 126
 146 169 173 170 172 174 172 174 174 173 176 175 177 177 176 174
 149 171 171 171 174 178 172 176 178 176 176 173 174 176 176 175
 149 174 178 173 174 177 175 176 176 173 175 174 174 177 175 175
 153 176 178 174 132 167 179 178 176 176 175 174 174 174 174 173
 154 173 177 176  40 161 179 180 176 178 174 173 171 170 174 172
 154 172 174 173  42 162 176 176 177 176 171 173 171 176 173 172
 155 173 171 168  36 145 158 161 169 161 135 141 141 168 174 170
 155 170 170 165  37  28  30  32  32  32  34  30  29 146 172 169
 154 168 170 163  38  88  89  88 111 122 117 113 106 161 171 168
 158 169 170 161  32 157 169 171 170 170 173 174 173 171 172 165
 157 169 167 161  33 158 168 171 170 170 170 172 172 173 172 170
 159 170 167 160  49 160 167 165 169 169 169 169 171 173 171 175
 158 171 168 170 166 168 166 164 166 168 166 166 168 171 171 167
 157 170 170 170 167 169 166 166 164 165 165 166 169 168 170 168
 159 169 170 168 167 169 167 167 167 167 165 168 168 168 168 169
 121 121 123 126 131 136 139 133 118 114 117 122 124 128 118 109
 133 155 154 159 152 155 156 155 152 156 155 160 159 159 158 153
 137 157 156 160 154 155 156 160 157 158 160 158 158 156 158 153
 135 156 156 156 154 157 157 158 157 157 160 156 156 154 156 156
 136 157 155 157 120 148 154 158 158 158 156 158 154 157 159 155
 137 154 155 159  36 146 157 158 162 161 156 158 156 156 161 156
 136 152 157 152  38 147 160 157 160 157 154 152 153 155 154 159
 136 158 156 147  33 130 147 148 150 148 124 125 127 145 157 153
 135 151 154 149  35  26  31  31  26  28  32  28  26 123 154 150
 135 146 151 146  37  80  81  76 100 109 108 103  98 141 154 155
 139 150 151 147  31 140 148 153 154 156 157 157 156 157 158 153
 142 152 148 146  30 142 146 153 156 157 154 157 157 157 158 158
 144 153 152 147  43 141 149 152 153 153 154 152 158 155 154 160
 145 153 157 155 152 149 150 149 153 151 150 152 156 157 154 153
 142 151 158 152 154 150 156 150 151 152 151 149 154 153 158 160
 142 154 157 157 153 154 160 149 150 152 151 148 154 152 158 156
 109 111 110 118 123 126 132 118 108 106 109 108 113 119 112 101

 232 231 228 226 231 232 230 222 214 210 214 221 222 224 215 126
 237 238 232 232 231 228 229 225 229 229 230 231 224 224 220 136
 238 237 233 236 232 229 218 192 212 232 232 222 221 222 213 148
 235 234 230 228 232 226 171  40 148 233 230 227 225 220 207 146
 230 229 230 229 232 225 170  51 156 230 228 224 226 220 214 144
 234 233 234 229 236 232 169  55 158 224 228 225 217 216 214 139
 236 240 235 232 235 232 200  50 166 225 225 226 218 214 214 134
 230 234 235 237 240 236 205  49 153 231 230 224 220 217 216 137
 228 234 236 240 238 230 196  53 134 228 227 219 217 220 218 152
 234 234 235 233 234 230 194  53 129 221 223 221 218 221 223 171
 230 231 230 220 213 213 180  46 121 201 208 208 217 219 216 165
 230 234 230 169  63  62  57  51  53  56  55  92 221 224 221 164
 232 232 230 226 229 224 219 218 212 213 211 215 225 224 220 156
 228 228 231 232 234 229 231 227 221 227 226 228 230 226 218 147
 227 231 230 232 228 225 226 222 224 227 225 226 230 231 224 148
 186 194 194 197 197 195 195 197 198 202 201 203 201 200 199 143
 174 175 175 173 172 172 170 169 168 165 170 175 167 168 169 109
 176 176 175 174 174 173 174 172 171 172 172 171 171 170 168 118
 177 176 177 174 170 176 168 146 161 171 173 173 171 168 168 128
 177 174 174 174 171 171 141  29 106 173 172 171 168 169 168 124
 175 173 174 174 173 173 141  30 113 174 172 169 166 166 168 122
 176 176 175 175 174 171 135  34 117 173 170 169 166 165 165 117
 173 176 173 176 178 176 161  32 122 170 170 169 168 165 167 114
 174 178 176 176 176 177 169  32 111 170 170 169 166 164 167 118
 174 176 176 178 180 176 161  32  88 171 171 165 164 166 167 133
 172 172 175 179 179 176 158  30  89 169 168 167 166 166 167 139
 174 178 177 167 161 162 145  28  88 157 158 160 168 169 169 136
 172 174 174 132  40  42  36  37  38  32  33  49 166 167 167 131
 170 171 173 174 176 173 168 165 163 161 161 160 170 170 168 126
 173 171 178 178 177 174 171 170 170 170 167 167 168 170 170 123
 169 171 174 176 173 172 173 170 168 169 169 170 171 170 169 121
 146 149 149 153 154 154 155 155 154 158 157 159 158 157 159 121
 153 153 156 155 156 159 153 150 155 153 158 160 153 160 156 101
 158 158 156 159 161 154 157 154 154 158 158 154 154 158 158 112
 159 156 154 157 156 155 145 123 141 157 157 155 157 153 152 119
 159 158 156 154 156 153 127  26  98 156 157 158 156 154 154 113
 160 158 156 158 158 152 125  28 103 157 157 152 152 149 148 108
 155 160 160 156 156 154 124  32 108 157 154 154 150 151 151 109
 156 158 157 158 161 157 148  28 109 156 157 153 151 152 152 106
 152 157 157 158 162 160 150  26 100 154 156 153 153 151 150 108
 155 160 158 158 158 157 148  31  76 153 153 152 149 150 149 118
 156 156 157 154 157 160 147  31  81 148 146 149 150 156 160 132
 155 155 157 148 146 147 130  26  80 140 142 141 149 150 154 126
 152 154 154 120  36  38  33  35  37  31  30  43 152 154 153 123
 159 160 156 157 159 152 147 149 146 147 146 147 155 152 157 118
 154 156 156 155 155 157 156 154 151 151 148 152 157 158 157 110
 155 157 156 157 154 152 158 151 146 150 152 153 153 151 154 111
 133 137 135 136 137 136 136 135 135 139 142 144 145 142 142 109

 126 136 148 146 144 139 134 137 152 171 165 164 156 147 148 143
 215 220 213 207 214 214 214 216 218 223 216 221 220 218 224 199
 224 224 222 220 220 216 214 217 220 221 219 224 224 226 231 200
 222 224 221 225 226 217 218 220 217 218 217 221 225 230 230 201
 221 231 222 227 224 225 226 224 219 221 208  92 215 228 226 203
 214 230 232 230 228 228 225 230 227 223 208  55 211 226 225 201
 210 229 232 233 230 224 225 231 228 221 201  56 213 227 227 202
 214 229 212 148 156 158 166 153 134 129 121  53 212 221 224 198
 222 225 192  40  51  55  50  49  53  53  46  51 218 227 222 197
 230 229 218 171 170 169 200 205 196 194 180  57 219 231 226 195
 232 228 229 226 225 232 232 236 230 230 213  62 224 229 225 195
 231 231 232 232 232 236 235 240 238 234 213  63 229 234 228 197
 226 232 236 228 229 229 232 237 240 233 220 169 226 232 232 197
 228 232 233 230 230 234 235 235 236 235 230 230 230 231 230 194
 231 238 237 234 229 233 240 234 234 234 231 234 232 228 231 194
 232 237 238 235 230 234 236 230 228 234 230 230 232 228 227 186
 109 118 128 124 122 117 114 118 133 139 136 131 126 123 121 121
 169 168 168 168 168 165 167 167 167 167 169 167 168 170 169 159
 168 170 168 169 166 165 165 164 166 166 169 167 170 170 170 157
 167 171 171 168 166 166 168 166 164 166 168 166 170 168 171 158
 175 171 173 171 169 169 169 169 165 167 160  49 160 167 170 159
 170 172 173 172 172 170 170 170 171 168 158  33 161 167 169 157
 165 172 171 173 174 173 170 170 171 169 157  32 161 170 169 158
 168 171 161 106 113 117 122 111  88  89  88  38 163 170 168 154
 169 172 146  29  30  34  32  32  32  30  28  37 165 170 170 155
 170 174 168 141 141 135 161 169 161 158 145  36 168 171 173 155
 172 173 176 171 173 171 176 177 176 176 162  42 173 174 172 154
 172 174 170 171 173 174 178 176 180 179 161  40 176 177 173 154
 173 174 174 174 174 175 176 176 178 179 167 132 174 178 176 153
 175 175 177 174 174 175 173 176 176 175 177 174 173 178 174 149
 175 176 176 174 173 176 176 178 176 172 178 174 171 171 171 149
 174 176 177 177 175 176 173 174 174 172 174 172 170 173 169 146
 101 112 119 113 108 109 106 108 118 132 126 123 118 110 111 109
 156 158 152 154 148 151 152 150 149 160 154 153 157 157 154 142
 160 158 153 154 149 151 152 151 150 156 150 154 152 158 151 142
 153 154 157 156 152 150 151 153 149 150 149 152 155 157 153 145
 160 154 155 158 152 154 153 153 152 149 141  43 147 152 153 144
 158 158 157 157 157 154 157 156 153 146 142  30 146 148 152 142
 153 158 157 156 157 157 156 154 153 148 140  31 147 151 150 139
 155 154 141  98 103 108 109 100  76  81  80  37 146 151 146 135
 150 154 123  26  28  32  28  26  31  31  26  35 149 154 151 135
 153 157 145 127 125 124 148 150 148 147 130  33 147 156 158 136
 159 154 155 153 152 154 157 160 157 160 147  38 152 157 152 136
 156 161 156 156 158 156 161 162 158 157 146  36 159 155 154 137
 155 159 157 154 158 156 158 158 158 154 148 120 157 155 157 136
 156 156 154 156 156 160 157 157 158 157 157 154 156 156 156 135
 153 158 156 158 158 160 158 157 160 156 155 154 160 156 157 137
 153 158 159 159 160 155 156 152 155 156 155 152 159 154 155 133

