 134 156 157 157 156 162 161 167 169 176 172 167 168 173 179 160
 155 187 187 186 188 190 194 196 201 197 193 197 194 195 202 183
 158 185 190 190 194 196 197 197 203 197 195 200 195 196 201 185
 163 191 190 188 189 199 197 182 185 191 197 201 200 205 207 183
 167 194 200 197 193 197 188  68  87 191 200 198 197 199 202 191
 169 196 196 195 198 199 194 146 158 193 201 205 205 207 207 194
 176 200 199 195 199 203 194 109 135 193 203 207 209 208 209 192
 181 205 204 202 203 205 196  80 110 197 211 209 210 212 214 194
 176 208 213 213 207 207 197  76 101 194 208 212 215 212 212 195
 180 211 214 213 212 213 203  84 105 194 206 208 208 211 214 196
 166 219 218 218 215 212 199  78 109 198 209 209 212 215 218 204
 158 215 216 217 214 214 201  74 107 201 209 207 213 221 219 206
 166 213 216 217 215 211 200  76 103 208 215 213 221 219 226 207
 173 220 222 219 219 215 205 182 185 215 222 224 228 219 217 208
 170 219 222 220 215 216 213 219 221 217 219 229 226 224 224 208
 173 213 214 213 215 216 212 214 221 218 219 219 220 224 227 210
 124 134 136 135 136 137 139 142 140 144 144 141 144 148 149 138
 138 149 150 151 153 154 155 153 155 157 155 155 156 157 158 149
 142 152 151 152 156 155 156 154 156 155 156 157 156 158 159 151
 141 150 149 151 152 154 155 147 149 154 157 157 155 158 158 152
 144 153 154 154 156 157 146  55  68 154 160 156 157 158 159 153
 146 156 155 157 158 158 158 126 134 159 162 159 157 159 162 156
 148 156 157 159 158 158 157  85 109 159 160 158 159 161 163 156
 151 159 158 158 161 159 159  62  89 159 161 158 161 162 162 159
 149 163 159 161 163 161 155  65  92 157 162 161 161 163 163 156
 150 162 162 161 161 160 157  65  92 159 162 163 163 163 165 159
 131 162 162 163 162 161 155  63  90 159 163 164 162 166 165 160
 131 169 164 166 165 159 155  65  95 160 165 166 166 165 169 163
 136 166 166 166 166 162 155  65  88 160 164 164 166 168 171 164
 135 166 168 167 165 163 159 137 140 163 166 165 167 168 168 167
 134 167 169 168 166 165 160 163 166 167 166 168 168 169 168 164
 140 167 171 167 168 165 165 163 167 167 172 169 172 170 171 169
 119 126 130 130 132 132 134 135 136 137 137 137 137 139 141 137
 131 143 142 142 144 145 149 146 149 148 148 149 149 153 155 147
 134 143 144 147 145 142 149 145 148 147 147 151 152 155 154 145
 133 143 145 148 147 149 148 138 139 146 148 151 148 152 151 148
 131 143 146 147 148 150 144  58  67 144 149 154 157 155 152 151
 135 147 147 148 152 152 145 113 119 146 150 152 154 154 154 150
 137 150 151 153 154 150 148  83 100 145 151 150 153 155 156 153
 137 150 154 150 151 152 148  64  85 144 151 150 157 156 155 152
 141 155 156 159 155 156 155  67  90 149 151 154 154 153 156 151
 140 152 153 155 155 153 149  67  87 148 152 154 153 153 157 154
 117 151 152 156 156 152 151  65  86 150 154 156 153 154 156 152
 118 154 152 157 156 153 151  63  85 146 156 153 153 158 157 155
 123 156 160 158 155 155 155  66  85 155 162 154 153 155 156 151
 124 153 157 157 158 156 148 124 130 155 159 156 157 161 160 156
 125 158 160 158 160 160 157 156 154 156 155 157 158 160 159 159
 128 157 156 148 159 159 154 154 155 152 158 159 160 155 158 160

 160 183 185 183 191 194 192 194 195 196 204 206 207 208 208 210
 179 202 201 207 202 207 209 214 212 214 218 219 226 217 224 227
 173 195 196 205 199 207 208 212 212 211 215 221 219 219 224 224
 168 194 195 200 197 205 209 210 215 208 212 213 221 228 226 220
 167 197 200 201 198 205 207 209 212 208 209 207 213 224 229 219
 172 193 195 197 200 201 203 211 208 206 209 209 215 222 219 219
 176 197 197 191 191 193 193 197 194 194 198 201 208 215 217 218
 169 201 203 185  87 158 135 110 101 105 109 107 103 185 221 221
 167 196 197 182  68 146 109  80  76  84  78  74  76 182 219 214
 161 194 197 197 188 194 194 196 197 203 199 201 200 205 213 212
 162 190 196 199 197 199 203 205 207 213 212 214 211 215 216 216
 156 188 194 189 193 198 199 203 207 212 215 214 215 219 215 215
 157 186 190 188 197 195 195 202 213 213 218 217 217 219 220 213
 157 187 190 190 200 196 199 204 213 214 218 216 216 222 222 214
 156 187 185 191 194 196 200 205 208 211 219 215 213 220 219 213
 134 155 158 163 167 169 176 181 176 180 166 158 166 173 170 173
 138 149 151 152 153 156 156 159 156 159 160 163 164 167 164 169
 149 158 159 158 159 162 163 162 163 165 165 169 171 168 168 171
 148 157 158 158 158 159 161 162 163 163 166 165 168 168 169 170
 144 156 156 155 157 157 159 161 161 163 162 166 166 167 168 172
 141 155 157 157 156 159 158 158 161 163 164 166 164 165 168 169
 144 155 156 157 160 162 160 161 162 162 163 165 164 166 166 172
 144 157 155 154 154 159 159 159 157 159 159 160 160 163 167 167
 140 155 156 149  68 134 109  89  92  92  90  95  88 140 166 167
 142 153 154 147  55 126  85  62  65  65  63  65  65 137 163 163
 139 155 156 155 146 158 157 159 155 157 155 155 155 159 160 165
 137 154 155 154 157 158 158 159 161 160 161 159 162 163 165 165
 136 153 156 152 156 158 158 161 163 161 162 165 166 165 166 168
 135 151 152 151 154 157 159 158 161 161 163 166 166 167 168 167
 136 150 151 149 154 155 157 158 159 162 162 164 166 168 169 171
 134 149 152 150 153 156 156 159 163 162 162 169 166 166 167 167
 124 138 142 141 144 146 148 151 149 150 131 131 136 135 134 140
 137 147 145 148 151 150 153 152 151 154 152 155 151 156 159 160
 141 155 154 151 152 154 156 155 156 157 156 157 156 160 159 158
 139 153 155 152 155 154 155 156 153 153 154 158 155 161 160 155
 137 149 152 148 157 154 153 157 154 153 153 153 153 157 158 160
 137 149 151 151 154 152 150 150 154 154 156 153 154 156 157 159
 137 148 147 148 149 150 151 151 151 152 154 156 162 159 155 158
 137 148 147 146 144 146 145 144 149 148 150 146 155 155 156 152
 136 149 148 139  67 119 100  85  90  87  86  85  85 130 154 155
 135 146 145 138  58 113  83  64  67  67  65  63  66 124 156 154
 134 149 149 148 144 145 148 148 155 149 151 151 155 148 157 154
 132 145 142 149 150 152 150 152 156 153 152 153 155 156 160 159
 132 144 145 147 148 152 154 151 155 155 156 156 155 158 160 159
 130 142 147 148 147 148 153 150 159 155 156 157 158 157 158 148
 130 142 144 145 146 147 151 154 156 153 152 152 160 157 160 156
 126 143 143 143 143 147 150 150 155 152 151 154 156 153 158 157
 119 131 134 133 131 135 137 137 141 140 117 118 123 124 125 128

 210 227 224 220 219 219 218 221 214 212 216 215 213 214 213 173
 208 224 224 226 229 219 217 221 219 213 216 215 220 222 219 170
 208 217 219 228 224 222 215 185 182 205 215 219 219 222 220 173
 207 226 219 221 213 215 208 103  76 200 211 215 217 216 213 166
 206 219 221 213 207 209 201 107  74 201 214 214 217 216 215 158
 204 218 215 212 209 209 198 109  78 199 212 215 218 218 219 166
 196 214 211 208 208 206 194 105  84 203 213 212 213 214 211 180
 195 212 212 215 212 208 194 101  76 197 207 207 213 213 208 176
 194 214 212 210 209 211 197 110  80 196 205 203 202 204 205 181
 192 209 208 209 207 203 193 135 109 194 203 199 195 199 200 176
 194 207 207 205 205 201 193 158 146 194 199 198 195 196 196 169
 191 202 199 197 198 200 191  87  68 188 197 193 197 200 194 167
 183 207 205 200 201 197 191 185 182 197 199 189 188 190 191 163
 185 201 196 195 200 195 197 203 197 197 196 194 190 190 185 158
 183 202 195 194 197 193 197 201 196 194 190 188 186 187 187 155
 160 179 173 168 167 172 176 169 167 161 162 156 157 157 156 134
 169 171 170 172 169 172 167 167 163 165 165 168 167 171 167 140
 164 168 169 168 168 166 167 166 163 160 165 166 168 169 167 134
 167 168 168 167 165 166 163 140 137 159 163 165 167 168 166 135
 164 171 168 166 164 164 160  88  65 155 162 166 166 166 166 136
 163 169 165 166 166 165 160  95  65 155 159 165 166 164 169 131
 160 165 166 162 164 163 159  90  63 155 161 162 163 162 162 131
 159 165 163 163 163 162 159  92  65 157 160 161 161 162 162 150
 156 163 163 161 161 162 157  92  65 155 161 163 161 159 163 149
 159 162 162 161 158 161 159  89  62 159 159 161 158 158 159 151
 156 163 161 159 158 160 159 109  85 157 158 158 159 157 156 148
 156 162 159 157 159 162 159 134 126 158 158 158 157 155 156 146
 153 159 158 157 156 160 154  68  55 146 157 156 154 154 153 144
 152 158 158 155 157 157 154 149 147 155 154 152 151 149 150 141
 151 159 158 156 157 156 155 156 154 156 155 156 152 151 152 142
 149 158 157 156 155 155 157 155 153 155 154 153 151 150 149 138
 138 149 148 144 141 144 144 140 142 139 137 136 135 136 134 124
 160 158 155 160 159 158 152 155 154 154 159 159 148 156 157 128
 159 159 160 158 157 155 156 154 156 157 160 160 158 160 158 125
 156 160 161 157 156 159 155 130 124 148 156 158 157 157 153 124
 151 156 155 153 154 162 155  85  66 155 155 155 158 160 156 123
 155 157 158 153 153 156 146  85  63 151 153 156 157 152 154 118
 152 156 154 153 156 154 150  86  65 151 152 156 156 152 151 117
 154 157 153 153 154 152 148  87  67 149 153 155 155 153 152 140
 151 156 153 154 154 151 149  90  67 155 156 155 159 156 155 141
 152 155 156 157 150 151 144  85  64 148 152 151 150 154 150 137
 153 156 155 153 150 151 145 100  83 148 150 154 153 151 150 137
 150 154 154 154 152 150 146 119 113 145 152 152 148 147 147 135
 151 152 155 157 154 149 144  67  58 144 150 148 147 146 143 131
 148 151 152 148 151 148 146 139 138 148 149 147 148 145 143 133
 145 154 155 152 151 147 147 148 145 149 142 145 147 144 143 134
 147 155 153 149 149 148 148 149 146 149 145 144 142 142 143 131
 137 141 139 137 137 137 137 136 135 134 132 132 130 130 126 119

 173 170 173 166 158 166 180 176 181 176 169 167 163 158 155 134
 213 219 220 213 215 219 211 208 205 200 196 194 191 185 187 156
 214 222 222 216 216 218 214 213 204 199 196 200 190 190 187 157
 213 220 219 217 217 218 213 213 202 195 195 197 188 190 186 157
 215 215 219 215 214 215 212 207 203 199 198 193 189 194 188 156
 216 216 215 211 214 212 213 207 205 203 199 197 199 196 190 162
 212 213 205 200 201 199 203 197 196 194 194 188 197 197 194 161
 214 219 182  76  74  78  84  76  80 109 146  68 182 197 196 167
 221 221 185 103 107 109 105 101 110 135 158  87 185 203 201 169
 218 217 215 208 201 198 194 194 197 193 193 191 191 197 197 176
 219 219 222 215 209 209 206 208 211 203 201 200 197 195 193 172
 219 229 224 213 207 209 208 212 209 207 205 198 201 200 197 167
 220 226 228 221 213 212 208 215 210 209 205 197 200 195 194 168
 224 224 219 219 221 215 211 212 212 208 207 199 205 196 195 173
 227 224 217 226 219 218 214 212 214 209 207 202 207 201 202 179
 210 208 208 207 206 204 196 195 194 192 194 191 183 185 183 160
 140 134 135 136 131 131 150 149 151 148 146 144 141 142 138 124
 167 167 166 166 169 162 162 163 159 156 156 153 150 152 149 134
 171 169 168 166 164 162 162 159 158 157 155 154 149 151 150 136
 167 168 167 166 166 163 161 161 158 159 157 154 151 152 151 135
 168 166 165 166 165 162 161 163 161 158 158 156 152 156 153 136
 165 165 163 162 159 161 160 161 159 158 158 157 154 155 154 137
 165 160 159 155 155 155 157 155 159 157 158 146 155 156 155 139
 163 163 137  65  65  63  65  65  62  85 126  55 147 154 153 142
 167 166 140  88  95  90  92  92  89 109 134  68 149 156 155 140
 167 167 163 160 160 159 159 157 159 159 159 154 154 155 157 144
 172 166 166 164 165 163 162 162 161 160 162 160 157 156 155 144
 169 168 165 164 166 164 163 161 158 158 159 156 157 157 155 141
 172 168 167 166 166 162 163 161 161 159 157 157 155 156 156 144
 170 169 168 168 165 166 163 163 162 161 159 158 158 158 157 148
 171 168 168 171 169 165 165 163 162 163 162 159 158 159 158 149
 169 164 167 164 163 160 159 156 159 156 156 153 152 151 149 138
 128 125 124 123 118 117 140 141 137 137 135 131 133 134 131 119
 157 158 153 156 154 151 152 155 150 150 147 143 143 143 143 126
 156 160 157 160 152 152 153 156 154 151 147 146 145 144 142 130
 148 158 157 158 157 156 155 159 150 153 148 147 148 147 142 130
 159 160 158 155 156 156 155 155 151 154 152 148 147 145 144 132
 159 160 156 155 153 152 153 156 152 150 152 150 149 142 145 132
 154 157 148 155 151 151 149 155 148 148 145 144 148 149 149 134
 154 156 124  66  63  65  67  67  64  83 113  58 138 145 146 135
 155 154 130  85  85  86  87  90  85 100 119  67 139 148 149 136
 152 156 155 155 146 150 148 149 144 145 146 144 146 147 148 137
 158 155 159 162 156 154 152 151 151 151 150 149 148 147 148 137
 159 157 156 154 153 156 154 154 150 150 152 154 151 151 149 137
 160 158 157 153 153 153 153 154 157 153 154 157 148 152 149 137
 155 160 161 155 158 154 153 153 156 155 154 155 152 155 153 139
 158 159 160 156 157 156 157 156 155 156 154 152 151 154 155 141
 160 159 156 151 155 152 154 151 152 153 150 151 148 145 147 137

