 123 153 155 159 160 160 161 162 168 166 164 163 160 167 169 164
 153 186 188 191 194 194 192 191 193 191 193 194 195 196 202 199
 160 191 196 196 197 193 191 198 199 194 199 200 204 204 206 204
 162 195 201 197 200 190 186 186 189 194 201 207 204 204 211 205
 171 197 203 203 198  87  51  40  46  73 145 200 211 214 216 208
 174 204 204 205 201  82  62 160 144  76  47 147 209 215 219 212
 177 208 212 212 204  81  68 194 203 159  47 112 213 218 211 204
 173 206 206 212 209  77  67 195 209 159  48 119 210 219 220 210
 174 210 211 209 206  77  64 166 161  77  63 175 216 218 215 206
 175 210 209 207 209  79  35  52  51  73 166 216 223 224 224 209
 155 207 210 212 211  73  58 194 203 211 219 220 218 222 224 216
 162 207 212 211 210  75  64 204 216 216 224 224 222 220 221 214
 160 209 215 212 211  80  72 213 221 224 226 228 225 224 223 221
 168 205 211 214 214 143 145 217 221 222 226 229 230 229 231 227
 164 203 208 210 213 217 219 223 218 221 224 227 228 224 222 221
 171 197 214 218 216 218 217 216 217 223 225 223 224 224 225 220
 118 137 139 141 140 141 143 142 141 143 146 146 140 142 145 148
 133 151 151 155 157 156 157 156 156 154 153 155 156 158 160 158
 140 155 153 152 157 156 155 154 155 155 158 157 163 161 163 164
 141 157 156 155 157 149 149 148 148 153 156 158 160 162 164 163
 146 157 159 160 158  62  35  30  33  53 112 159 161 163 164 161
 149 159 159 161 158  61  53 140 122  64  35 120 164 165 164 162
 149 159 160 162 159  62  58 157 162 130  38  94 162 163 166 165
 150 161 159 163 162  53  60 159 160 124  38 100 164 164 164 162
 154 161 162 162 162  57  54 131 121  60  49 138 166 166 166 165
 155 160 161 163 162  55  32  48  44  62 133 161 165 165 167 165
 131 161 162 163 164  52  50 162 162 163 166 168 166 165 166 167
 131 160 163 163 168  59  50 162 168 165 168 168 168 169 169 166
 132 159 160 162 165  57  54 165 169 168 168 170 169 170 170 170
 136 160 162 164 166 108 112 169 168 169 171 170 170 170 168 167
 141 160 164 167 167 166 166 169 167 168 168 167 167 169 168 167
 144 159 161 164 164 168 168 169 169 164 162 168 167 167 168 166
 114 127 128 129 129 134 134 133 132 127 133 136 130 130 136 142
 127 141 141 140 142 143 143 142 143 145 143 145 149 149 150 149
 134 142 143 144 147 145 147 147 143 143 145 143 148 147 151 151
 133 145 148 149 151 144 141 137 137 138 141 145 151 151 146 145
 138 146 146 142 147  63  38  31  35  53 105 144 152 153 151 151
 139 148 146 147 151  61  51 131 116  63  31 104 144 151 153 155
 138 152 151 150 148  61  57 146 150 126  38  86 150 155 152 152
 142 151 149 152 157  51  56 149 152 121  38  95 150 151 155 155
 146 150 152 153 155  54  53 124 116  59  47 127 150 149 152 156
 148 145 145 151 152  52  31  48  45  57 122 146 148 150 152 153
 126 150 152 152 154  50  45 145 146 149 153 156 154 156 158 155
 128 149 149 146 155  58  42 147 155 149 156 158 157 154 158 154
 125 150 155 151 152  54  48 145 153 151 152 158 153 150 156 156
 127 146 151 153 152  96  95 148 151 149 151 152 154 153 157 160
 137 152 153 154 155 157 153 150 153 154 155 156 154 156 158 156
 134 147 155 156 153 155 153 153 155 157 158 158 153 146 146 153

 164 199 204 205 208 212 204 210 206 209 216 214 221 227 221 220
 169 202 206 211 216 219 211 220 215 224 224 221 223 231 222 225
 167 196 204 204 214 215 218 219 218 224 222 220 224 229 224 224
 160 195 204 204 211 209 213 210 216 223 218 222 225 230 228 224
 163 194 200 207 200 147 112 119 175 216 220 224 228 229 227 223
 164 193 199 201 145  47  47  48  63 166 219 224 226 226 224 225
 166 191 194 194  73  76 159 159  77  73 211 216 224 222 221 223
 168 193 199 189  46 144 203 209 161  51 203 216 221 221 218 217
 162 191 198 186  40 160 194 195 166  52 194 204 213 217 223 216
 161 192 191 186  51  62  68  67  64  35  58  64  72 145 219 217
 160 194 193 190  87  82  81  77  77  79  73  75  80 143 217 218
 160 194 197 200 198 201 204 209 206 209 211 210 211 214 213 216
 159 191 196 197 203 205 212 212 209 207 212 211 212 214 210 218
 155 188 196 201 203 204 212 206 211 209 210 212 215 211 208 214
 153 186 191 195 197 204 208 206 210 210 207 207 209 205 203 197
 123 153 160 162 171 174 177 173 174 175 155 162 160 168 164 171
 148 158 164 163 161 162 165 162 165 165 167 166 170 167 167 166
 145 160 163 164 164 164 166 164 166 167 166 169 170 168 168 168
 142 158 161 162 163 165 163 164 166 165 165 169 170 170 169 167
 140 156 163 160 161 164 162 164 166 165 166 168 169 170 167 167
 146 155 157 158 159 120  94 100 138 161 168 168 170 170 167 168
 146 153 158 156 112  35  38  38  49 133 166 168 168 171 168 162
 143 154 155 153  53  64 130 124  60  62 163 165 168 169 168 164
 141 156 155 148  33 122 162 160 121  44 162 168 169 168 167 169
 142 156 154 148  30 140 157 159 131  48 162 162 165 169 169 169
 143 157 155 149  35  53  58  60  54  32  50  50  54 112 166 168
 141 156 156 149  62  61  62  53  57  55  52  59  57 108 166 168
 140 157 157 157 158 158 159 162 162 162 164 168 165 166 167 164
 141 155 152 155 160 161 162 163 162 163 163 163 162 164 167 164
 139 151 153 156 159 159 160 159 162 161 162 163 160 162 164 161
 137 151 155 157 157 159 159 161 161 160 161 160 159 160 160 159
 118 133 140 141 146 149 149 150 154 155 131 131 132 136 141 144
 142 149 151 145 151 155 152 155 156 153 155 154 156 160 156 153
 136 150 151 146 151 153 152 155 152 152 158 158 156 157 158 146
 130 149 147 151 153 151 155 151 149 150 156 154 150 153 156 146
 130 149 148 151 152 144 150 150 150 148 154 157 153 154 154 153
 136 145 143 145 144 104  86  95 127 146 156 158 158 152 156 158
 133 143 145 141 105  31  38  38  47 122 153 156 152 151 155 158
 127 145 143 138  53  63 126 121  59  57 149 149 151 149 154 157
 132 143 143 137  35 116 150 152 116  45 146 155 153 151 153 155
 133 142 147 137  31 131 146 149 124  48 145 147 145 148 150 153
 134 143 147 141  38  51  57  56  53  31  45  42  48  95 153 153
 134 143 145 144  63  61  61  51  54  52  50  58  54  96 157 155
 129 142 147 151 147 151 148 157 155 152 154 155 152 152 155 153
 129 140 144 149 142 147 150 152 153 151 152 146 151 153 154 156
 128 141 143 148 146 146 151 149 152 145 152 149 155 151 153 155
 127 141 142 145 146 148 152 151 150 145 150 149 150 146 152 147
 114 127 134 133 138 139 138 142 146 148 126 128 125 127 137 134

 220 225 224 224 223 225 223 217 216 217 218 216 218 214 197 171
 221 222 224 228 227 224 221 218 223 219 217 213 210 208 203 164
 227 231 229 230 229 226 222 221 217 145 143 214 214 211 205 168
 221 223 224 225 228 226 224 221 213  72  80 211 212 215 209 160
 214 221 220 222 224 224 216 216 204  64  75 210 211 212 207 162
 216 224 222 218 220 219 211 203 194  58  73 211 212 210 207 155
 209 224 224 223 216 166  73  51  52  35  79 209 207 209 210 175
 206 215 218 216 175  63  77 161 166  64  77 206 209 211 210 174
 210 220 219 210 119  48 159 209 195  67  77 209 212 206 206 173
 204 211 218 213 112  47 159 203 194  68  81 204 212 212 208 177
 212 219 215 209 147  47  76 144 160  62  82 201 205 204 204 174
 208 216 214 211 200 145  73  46  40  51  87 198 203 203 197 171
 205 211 204 204 207 201 194 189 186 186 190 200 197 201 195 162
 204 206 204 204 200 199 194 199 198 191 193 197 196 196 191 160
 199 202 196 195 194 193 191 193 191 192 194 194 191 188 186 153
 164 169 167 160 163 164 166 168 162 161 160 160 159 155 153 123
 166 168 167 167 168 162 164 169 169 168 168 164 164 161 159 144
 167 168 169 167 167 168 168 167 169 166 166 167 167 164 160 141
 167 168 170 170 170 171 169 168 169 112 108 166 164 162 160 136
 170 170 170 169 170 168 168 169 165  54  57 165 162 160 159 132
 166 169 169 168 168 168 165 168 162  50  59 168 163 163 160 131
 167 166 165 166 168 166 163 162 162  50  52 164 163 162 161 131
 165 167 165 165 161 133  62  44  48  32  55 162 163 161 160 155
 165 166 166 166 138  49  60 121 131  54  57 162 162 162 161 154
 162 164 164 164 100  38 124 160 159  60  53 162 163 159 161 150
 165 166 163 162  94  38 130 162 157  58  62 159 162 160 159 149
 162 164 165 164 120  35  64 122 140  53  61 158 161 159 159 149
 161 164 163 161 159 112  53  33  30  35  62 158 160 159 157 146
 163 164 162 160 158 156 153 148 148 149 149 157 155 156 157 141
 164 163 161 163 157 158 155 155 154 155 156 157 152 153 155 140
 158 160 158 156 155 153 154 156 156 157 156 157 155 151 151 133
 148 145 142 140 146 146 143 141 142 143 141 140 141 139 137 118
 153 146 146 153 158 158 157 155 153 153 155 153 156 155 147 134
 156 158 156 154 156 155 154 153 150 153 157 155 154 153 152 137
 160 157 153 154 152 151 149 151 148  95  96 152 153 151 146 127
 156 156 150 153 158 152 151 153 145  48  54 152 151 155 150 125
 154 158 154 157 158 156 149 155 147  42  58 155 146 149 149 128
 155 158 156 154 156 153 149 146 145  45  50 154 152 152 150 126
 153 152 150 148 146 122  57  45  48  31  52 152 151 145 145 148
 156 152 149 150 127  47  59 116 124  53  54 155 153 152 150 146
 155 155 151 150  95  38 121 152 149  56  51 157 152 149 151 142
 152 152 155 150  86  38 126 150 146  57  61 148 150 151 152 138
 155 153 151 144 104  31  63 116 131  51  61 151 147 146 148 139
 151 151 153 152 144 105  53  35  31  38  63 147 142 146 146 138
 145 146 151 151 145 141 138 137 137 141 144 151 149 148 145 133
 151 151 147 148 143 145 143 143 147 147 145 147 144 143 142 134
 149 150 149 149 145 143 145 143 142 143 143 142 140 141 141 127
 142 136 130 130 136 133 127 132 133 134 134 129 129 128 127 114

 171 164 168 160 162 155 175 174 173 177 174 171 162 160 153 123
 197 203 205 209 207 207 210 210 206 208 204 197 195 191 186 153
 214 208 211 215 212 210 209 211 206 212 204 203 201 196 188 155
 218 210 214 212 211 212 207 209 212 212 205 203 197 196 191 159
 216 213 214 211 210 211 209 206 209 204 201 198 200 197 194 160
 218 217 143  80  75  73  79  77  77  81  82  87 190 193 194 160
 217 219 145  72  64  58  35  64  67  68  62  51 186 191 192 161
 216 223 217 213 204 194  52 166 195 194 160  40 186 198 191 162
 217 218 221 221 216 203  51 161 209 203 144  46 189 199 193 168
 223 221 222 224 216 211  73  77 159 159  76  73 194 194 191 166
 225 224 226 226 224 219 166  63  48  47  47 145 201 199 193 164
 223 227 229 228 224 220 216 175 119 112 147 200 207 200 194 163
 224 228 230 225 222 218 223 216 210 213 209 211 204 204 195 160
 224 224 229 224 220 222 224 218 219 218 215 214 204 204 196 167
 225 222 231 223 221 224 224 215 220 211 219 216 211 206 202 169
 220 221 227 221 214 216 209 206 210 204 212 208 205 204 199 164
 144 141 136 132 131 131 155 154 150 149 149 146 141 140 133 118
 159 160 160 159 160 161 160 161 161 159 159 157 157 155 151 137
 161 164 162 160 163 162 161 162 159 160 159 159 156 153 151 139
 164 167 164 162 163 163 163 162 163 162 161 160 155 152 155 141
 164 167 166 165 168 164 162 162 162 159 158 158 157 157 157 140
 168 166 108  57  59  52  55  57  53  62  61  62 149 156 156 141
 168 166 112  54  50  50  32  54  60  58  53  35 149 155 157 143
 169 169 169 165 162 162  48 131 159 157 140  30 148 154 156 142
 169 167 168 169 168 162  44 121 160 162 122  33 148 155 156 141
 164 168 169 168 165 163  62  60 124 130  64  53 153 155 154 143
 162 168 171 168 168 166 133  49  38  38  35 112 156 158 153 146
 168 167 170 170 168 168 161 138 100  94 120 159 158 157 155 146
 167 167 170 169 168 166 165 166 164 162 164 161 160 163 156 140
 167 169 170 170 169 165 165 166 164 163 165 163 162 161 158 142
 168 168 168 170 169 166 167 166 164 166 164 164 164 163 160 145
 166 167 167 170 166 167 165 165 162 165 162 161 163 164 158 148
 134 137 127 125 128 126 148 146 142 138 139 138 133 134 127 114
 147 152 146 150 149 150 145 150 151 152 148 146 145 142 141 127
 155 153 151 155 149 152 145 152 149 151 146 146 148 143 141 128
 156 154 153 151 146 152 151 153 152 150 147 142 149 144 140 129
 153 155 152 152 155 154 152 155 157 148 151 147 151 147 142 129
 155 157  96  54  58  50  52  54  51  61  61  63 144 145 143 134
 153 153  95  48  42  45  31  53  56  57  51  38 141 147 143 134
 153 150 148 145 147 145  48 124 149 146 131  31 137 147 142 133
 155 153 151 153 155 146  45 116 152 150 116  35 137 143 143 132
 157 154 149 151 149 149  57  59 121 126  63  53 138 143 145 127
 158 155 151 152 156 153 122  47  38  38  31 105 141 145 143 133
 158 156 152 158 158 156 146 127  95  86 104 144 145 143 145 136
 153 154 154 153 157 154 148 150 150 150 144 152 151 148 149 130
 146 156 153 150 154 156 150 149 151 155 151 153 151 147 149 130
 146 158 157 156 158 158 152 152 155 152 153 151 146 151 150 136
 153 156 160 156 154 155 153 156 155 152 155 151 145 151 149 142

