 113 146 149 152 156 155 152 151 145 141 140 139 143 138 139 165
 121 190 198 198 200 203 202 205 206 207 209 207 207 207 209 205
 127 193 199 205 200 202 203 207 209 210 207 211 213 209 212 209
 131 192 200 187 184 193 199 203 205 209 209 198 174 180 200 202
 140 171  82  53  60  54 130 196 203 205 146  55  66  71  53 136
 137  72  90 180 188 143  42 147 198 155  47 145 198 206 159 132
 103  41 175 201 197 191 101  78 190  93  83 198 211 209 208 204
  77  65 193 202 207 203 135  64 190  71 121 209 212 212 215 211
  80  66 189 203 207 202 126  73 188  63 118 203 207 206 212 210
 116  49 150 199 201 197  74 111 199 104  71 195 210 210 208 183
 129 103  54 146 158 109  41 166 203 177  49 107 181 152  95  95
 133 187 119  96  84 100 168 204 206 203 168  89  87  94 119 183
 138 196 195 196 197 201 209 206 205 205 203 204 203 203 207 211
 144 199 200 200 200 202 207 208 204 202 205 203 203 203 204 206
 141 194 201 203 202 197 202 202 203 204 205 201 204 207 203 202
 139 188 195 196 198 196 201 203 198 204 198 200 206 203 202 206
 104 124 121 123 119 120 119 117 114 114 113 112 115 111 107 129
 106 150 150 152 152 152 153 152 152 153 153 153 154 155 157 152
 110 150 150 150 151 153 152 152 155 153 154 151 155 155 157 155
 113 150 149 140 140 150 152 152 152 153 154 148 127 130 150 155
 117 129  55  37  45  39  97 150 149 152 102  37  54  53  38 106
 115  44  72 147 151 113  29 114 151 119  34 119 153 153 122 103
  89  30 143 149 150 150  74  61 149  70  69 153 155 157 155 154
  73  53 150 151 153 152  99  46 145  50 100 155 155 155 156 155
  73  55 152 151 154 152  90  58 151  50  98 154 155 155 155 155
  94  32 122 153 152 153  50  90 150  80  58 153 155 155 155 134
 106  77  41 114 116  78  31 136 151 135  34  83 136 112  68  73
 110 147  93  76  70  83 133 153 152 153 128  72  72  76  98 143
 114 152 152 151 153 154 155 153 153 152 152 152 153 153 153 153
 115 149 151 151 153 153 153 153 151 152 153 152 154 155 153 152
 120 151 152 151 152 153 156 155 153 153 152 152 154 153 155 154
 125 150 152 151 151 152 153 152 151 153 153 152 151 150 150 154
  98 113 107 107 107 106 107 105 100 103 104  97 102 100  98 119
  93 131 136 136 139 139 137 139 137 138 138 138 141 142 142 138
 101 137 138 140 140 137 138 135 141 139 135 138 142 138 141 140
 105 135 138 129 129 138 139 138 138 140 137 133 117 119 134 140
 109 119  52  36  44  37  90 135 140 141  99  37  50  50  36 100
 110  40  63 136 134 102  28 106 137 109  33 111 138 141 115  94
  85  25 132 139 136 136  67  58 137  68  64 138 139 140 142 139
  72  51 140 136 139 136  89  42 135  50  91 138 140 143 143 144
  72  53 138 139 138 136  85  57 139  49  87 136 143 142 144 142
  90  31 114 138 136 138  47  86 137  77  53 136 144 141 144 126
  97  69  37 104 107  74  29 125 138 124  32  77 124 101  65  70
 101 133  87  73  63  75 123 138 137 138 117  65  65  70  88 128
 107 138 138 137 138 138 140 142 141 140 136 137 138 136 137 139
 110 140 139 138 141 139 140 141 140 139 138 137 139 138 138 141
 111 137 137 137 138 135 137 137 139 141 141 136 136 139 139 142
 119 141 141 138 139 134 137 137 137 139 140 140 136 137 135 143

 165 205 209 202 136 132 204 211 210 183  95 183 211 206 202 206
 139 209 212 200  53 159 208 215 212 208  95 119 207 204 203 202
 138 207 209 180  71 206 209 212 206 210 152  94 203 203 207 203
 143 207 213 174  66 198 211 212 207 210 181  87 203 203 204 206
 139 207 211 198  55 145 198 209 203 195 107  89 204 203 201 200
 140 209 207 209 146  47  83 121 118  71  49 168 203 205 205 198
 141 207 210 209 205 155  93  71  63 104 177 203 205 202 204 204
 145 206 209 205 203 198 190 190 188 199 203 206 205 204 203 198
 151 205 207 203 196 147  78  64  73 111 166 204 206 208 202 203
 152 202 203 199 130  42 101 135 126  74  41 168 209 207 202 201
 155 203 202 193  54 143 191 203 202 197 109 100 201 202 197 196
 156 200 200 184  60 188 197 207 207 201 158  84 197 200 202 198
 152 198 205 187  53 180 201 202 203 199 146  96 196 200 203 196
 149 198 199 200  82  90 175 193 189 150  54 119 195 200 201 195
 146 190 193 192 171  72  41  65  66  49 103 187 196 199 194 188
 113 121 127 131 140 137 103  77  80 116 129 133 138 144 141 139
 129 152 155 155 106 103 154 155 155 134  73 143 153 152 154 154
 107 157 157 150  38 122 155 156 155 155  68  98 153 153 155 150
 111 155 155 130  53 153 157 155 155 155 112  76 153 155 153 150
 115 154 155 127  54 153 155 155 155 155 136  72 153 154 154 151
 112 153 151 148  37 119 153 155 154 153  83  72 152 152 152 152
 113 153 154 154 102  34  69 100  98  58  34 128 152 153 152 153
 114 153 153 153 152 119  70  50  50  80 135 153 152 152 153 153
 114 152 155 152 149 151 149 145 151 150 151 152 153 151 153 151
 117 152 152 152 150 114  61  46  58  90 136 153 153 153 155 152
 119 153 152 152  97  29  74  99  90  50  31 133 155 153 156 153
 120 152 153 150  39 113 150 152 152 153  78  83 154 153 153 152
 119 152 151 140  45 151 150 153 154 152 116  70 153 153 152 151
 123 152 150 140  37 147 149 151 151 153 114  76 151 151 151 151
 121 150 150 149  55  72 143 150 152 122  41  93 152 151 152 152
 124 150 150 150 129  44  30  53  55  32  77 147 152 149 151 150
 104 106 110 113 117 115  89  73  73  94 106 110 114 115 120 125
 119 138 140 140 100  94 139 144 142 126  70 128 139 141 142 143
  98 142 141 134  36 115 142 143 144 144  65  88 137 138 139 135
 100 142 138 119  50 141 140 143 142 141 101  70 136 138 139 137
 102 141 142 117  50 138 139 140 143 144 124  65 138 139 136 136
  97 138 138 133  37 111 138 138 136 136  77  65 137 137 136 140
 104 138 135 137  99  33  64  91  87  53  32 117 136 138 141 140
 103 138 139 140 141 109  68  50  49  77 124 138 140 139 141 139
 100 137 141 138 140 137 137 135 139 137 138 137 141 140 139 137
 105 139 135 138 135 106  58  42  57  86 125 138 142 141 137 137
 107 137 138 139  90  28  67  89  85  47  29 123 140 140 137 137
 106 139 137 138  37 102 136 136 136 138  74  75 138 139 135 134
 107 139 140 129  44 134 136 139 138 136 107  63 138 141 138 139
 107 136 140 129  36 136 139 136 139 138 104  73 137 138 137 138
 107 136 138 138  52  63 132 140 138 114  37  87 138 139 137 141
 113 131 137 135 119  40  25  51  53  31  69 133 138 140 137 141
  98  93 101 105 109 110  85  72  72  90  97 101 107 110 111 119

 206 202 203 206 200 198 204 198 203 201 196 198 196 195 188 139
 202 203 207 204 201 205 204 203 202 202 197 202 203 201 194 141
 206 204 203 203 203 205 202 204 208 207 202 200 200 200 199 144
 211 207 203 203 204 203 205 205 206 209 201 197 196 195 196 138
 183 119  94  87  89 168 203 206 204 168 100  84  96 119 187 133
  95  95 152 181 107  49 177 203 166  41 109 158 146  54 103 129
 183 208 210 210 195  71 104 199 111  74 197 201 199 150  49 116
 210 212 206 207 203 118  63 188  73 126 202 207 203 189  66  80
 211 215 212 212 209 121  71 190  64 135 203 207 202 193  65  77
 204 208 209 211 198  83  93 190  78 101 191 197 201 175  41 103
 132 159 206 198 145  47 155 198 147  42 143 188 180  90  72 137
 136  53  71  66  55 146 205 203 196 130  54  60  53  82 171 140
 202 200 180 174 198 209 209 205 203 199 193 184 187 200 192 131
 209 212 209 213 211 207 210 209 207 203 202 200 205 199 193 127
 205 209 207 207 207 209 207 206 205 202 203 200 198 198 190 121
 165 139 138 143 139 140 141 145 151 152 155 156 152 149 146 113
 154 150 150 151 152 153 153 151 152 153 152 151 151 152 150 125
 154 155 153 154 152 152 153 153 155 156 153 152 151 152 151 120
 152 153 155 154 152 153 152 151 153 153 153 153 151 151 149 115
 153 153 153 153 152 152 152 153 153 155 154 153 151 152 152 114
 143  98  76  72  72 128 153 152 153 133  83  70  76  93 147 110
  73  68 112 136  83  34 135 151 136  31  78 116 114  41  77 106
 134 155 155 155 153  58  80 150  90  50 153 152 153 122  32  94
 155 155 155 155 154  98  50 151  58  90 152 154 151 152  55  73
 155 156 155 155 155 100  50 145  46  99 152 153 151 150  53  73
 154 155 157 155 153  69  70 149  61  74 150 150 149 143  30  89
 103 122 153 153 119  34 119 151 114  29 113 151 147  72  44 115
 106  38  53  54  37 102 152 149 150  97  39  45  37  55 129 117
 155 150 130 127 148 154 153 152 152 152 150 140 140 149 150 113
 155 157 155 155 151 154 153 155 152 152 153 151 150 150 150 110
 152 157 155 154 153 153 153 152 152 153 152 152 152 150 150 106
 129 107 111 115 112 113 114 114 117 119 120 119 123 121 124 104
 143 135 137 136 140 140 139 137 137 137 134 139 138 141 141 119
 142 139 139 136 136 141 141 139 137 137 135 138 137 137 137 111
 141 138 138 139 137 138 139 140 141 140 139 141 138 139 140 110
 139 137 136 138 137 136 140 141 142 140 138 138 137 138 138 107
 128  88  70  65  65 117 138 137 138 123  75  63  73  87 133 101
  70  65 101 124  77  32 124 138 125  29  74 107 104  37  69  97
 126 144 141 144 136  53  77 137  86  47 138 136 138 114  31  90
 142 144 142 143 136  87  49 139  57  85 136 138 139 138  53  72
 144 143 143 140 138  91  50 135  42  89 136 139 136 140  51  72
 139 142 140 139 138  64  68 137  58  67 136 136 139 132  25  85
  94 115 141 138 111  33 109 137 106  28 102 134 136  63  40 110
 100  36  50  50  37  99 141 140 135  90  37  44  36  52 119 109
 140 134 119 117 133 137 140 138 138 139 138 129 129 138 135 105
 140 141 138 142 138 135 139 141 135 138 137 140 140 138 137 101
 138 142 142 141 138 138 138 137 139 137 139 139 136 136 131  93
 119  98 100 102  97 104 103 100 105 107 106 107 107 107 113  98

 139 141 144 138 133 129 116  80  77 103 137 140 131 127 121 113
 188 194 199 196 187 103  49  66  65  41  72 171 192 193 190 146
 195 201 200 195 119  54 150 189 193 175  90  82 200 199 198 149
 196 203 200 196  96 146 199 203 202 201 180  53 187 205 198 152
 198 202 200 197  84 158 201 207 207 197 188  60 184 200 200 156
 196 197 202 201 100 109 197 202 203 191 143  54 193 202 203 155
 201 202 207 209 168  41  74 126 135 101  42 130 199 203 202 152
 203 202 208 206 204 166 111  73  64  78 147 196 203 207 205 151
 198 203 204 205 206 203 199 188 190 190 198 203 205 209 206 145
 204 204 202 205 203 177 104  63  71  93 155 205 209 210 207 141
 198 205 205 203 168  49  71 118 121  83  47 146 209 207 209 140
 200 201 203 204  89 107 195 203 209 198 145  55 198 211 207 139
 206 204 203 203  87 181 210 207 212 211 198  66 174 213 207 143
 203 207 203 203  94 152 210 206 212 209 206  71 180 209 207 138
 202 203 204 207 119  95 208 212 215 208 159  53 200 212 209 139
 206 202 206 211 183  95 183 210 211 204 132 136 202 209 205 165
 125 120 115 114 110 106  94  73  73  89 115 117 113 110 106 104
 150 151 149 152 147  77  32  55  53  30  44 129 150 150 150 124
 152 152 151 152  93  41 122 152 150 143  72  55 149 150 150 121
 151 151 151 151  76 114 153 151 151 149 147  37 140 150 152 123
 151 152 153 153  70 116 152 154 153 150 151  45 140 151 152 119
 152 153 153 154  83  78 153 152 152 150 113  39 150 153 152 120
 153 156 153 155 133  31  50  90  99  74  29  97 152 152 153 119
 152 155 153 153 153 136  90  58  46  61 114 150 152 152 152 117
 151 153 151 153 152 151 150 151 145 149 151 149 152 155 152 114
 153 153 152 152 153 135  80  50  50  70 119 152 153 153 153 114
 153 152 153 152 128  34  58  98 100  69  34 102 154 154 153 113
 152 152 152 152  72  83 153 154 155 153 119  37 148 151 153 112
 151 154 154 153  72 136 155 155 155 155 153  54 127 155 154 115
 150 153 155 153  76 112 155 155 155 157 153  53 130 155 155 111
 150 155 153 153  98  68 155 155 156 155 122  38 150 157 157 107
 154 154 152 153 143  73 134 155 155 154 103 106 155 155 152 129
 119 111 110 107 101  97  90  72  72  85 110 109 105 101  93  98
 141 137 140 138 133  69  31  53  51  25  40 119 135 137 131 113
 141 137 139 138  87  37 114 138 140 132  63  52 138 138 136 107
 138 137 138 137  73 104 138 139 136 139 136  36 129 140 136 107
 139 138 141 138  63 107 136 138 139 136 134  44 129 140 139 107
 134 135 139 138  75  74 138 136 136 136 102  37 138 137 139 106
 137 137 140 140 123  29  47  85  89  67  28  90 139 138 137 107
 137 137 141 142 138 125  86  57  42  58 106 135 138 135 139 105
 137 139 140 141 137 138 137 139 135 137 137 140 138 141 137 100
 139 141 139 140 138 124  77  49  50  68 109 141 140 139 138 103
 140 141 138 136 117  32  53  87  91  64  33  99 137 135 138 104
 140 136 137 137  65  77 136 136 138 138 111  37 133 138 138  97
 136 136 139 138  65 124 144 143 140 139 138  50 117 142 141 102
 137 139 138 136  70 101 141 142 143 140 141  50 119 138 142 100
 135 139 138 137  88  65 144 144 143 142 115  36 134 141 142  98
 143 142 141 139 128  70 126 142 144 139  94 100 140 140 138 119

