 143 155 161 164 161 155 157 160 158 160 155 154 153 155 175 174
 182 203 207 208 207 211 213 213 209 208 209 209 207 210 210 202
 180 202 207 208 209 211 210 209 209 211 210 208 209 212 214 206
 180 201 212 216 213 209 204 194 185 177 199 212 213 210 209 203
 185 206 218 218 212 172  95  58  54  52  65 113 189 207 206 202
 181 207 209 210 179  76  61 139 179 172 117  64 187 209 210 203
 174 202 212 211 126  55 155 206 208 208 204 190 200 208 204 200
 177 199 207 193  81  90 194 211 212 208 207 210 210 208 203 200
 159 201 209 187  76 107 201 211 211 209 210 214 215 211 211 206
 155 204 209 190  78  90 197 209 208 211 212 211 210 212 219 206
 163 207 211 206 107  60 180 205 208 205 203 204 205 209 217 209
 161 198 205 210 156  50 107 180 199 193 167 104 183 207 214 206
 164 202 204 209 204 126  65  78 102  92  63  66 190 219 221 213
 163 204 208 213 212 203 170 134 127 129 140 178 209 217 218 209
 153 203 207 214 214 211 208 206 208 206 202 209 213 219 222 211
 150 189 199 207 213 213 202 206 208 207 204 202 206 212 212 208
 124 127 130 125 129 126 124 125 124 125 124 124 123 122 141 144
 154 163 161 163 163 162 160 161 161 162 163 162 163 163 160 160
 151 163 165 166 165 164 162 161 161 162 163 164 164 164 164 162
 152 164 163 166 166 161 159 153 149 145 156 161 164 163 164 161
 152 163 164 165 166 139  83  55  51  49  59  98 158 163 163 162
 151 163 165 168 144  67  56 116 146 135  87  43 153 164 162 162
 154 163 166 167  96  47 128 158 158 162 159 147 156 163 163 162
 155 163 165 157  67  74 156 164 161 160 162 167 162 162 162 160
 138 162 166 149  54  86 160 163 165 162 162 162 163 162 163 163
 133 162 166 151  55  76 162 162 164 162 161 163 162 162 164 165
 135 160 163 159  72  50 150 163 163 162 163 164 165 167 169 165
 137 160 160 162 116  40  92 149 160 157 141  89 159 168 171 165
 137 161 161 162 157  94  48  71  91  83  61  58 156 167 167 165
 139 161 159 162 162 158 131 106  99 100 114 145 164 165 166 164
 139 163 162 164 164 165 164 161 161 162 160 164 167 165 166 162
 138 160 165 164 164 162 160 160 160 164 161 163 164 168 164 161
 117 118 123 118 117 116 116 119 115 116 115 113 112 114 132 135
 147 157 157 158 153 153 153 156 156 151 150 153 153 153 155 154
 140 156 161 155 155 157 157 155 154 157 154 153 155 157 156 155
 141 153 158 160 160 161 158 150 145 139 149 151 161 161 154 154
 146 154 157 158 158 140  85  56  51  49  59  95 150 158 158 157
 148 157 156 156 139  67  54 104 131 126  86  42 146 155 156 155
 145 153 157 159  96  46 118 145 147 153 150 137 144 156 153 150
 147 154 159 154  67  70 147 158 158 152 148 154 157 159 157 158
 133 153 156 142  51  78 149 154 154 154 156 155 158 157 156 159
 127 152 155 143  52  73 155 156 155 155 150 151 157 157 157 159
 131 154 155 154  72  49 145 155 157 154 152 153 153 155 157 158
 128 153 158 160 114  41  89 143 157 154 139  88 150 158 161 154
 136 159 159 158 150  92  48  71  92  84  61  54 143 162 160 160
 132 154 152 154 154 153 124  98  92  93 104 132 153 161 162 160
 137 155 151 151 154 155 154 150 149 149 148 156 156 154 160 157
 133 146 148 154 158 156 153 151 153 155 156 157 156 162 162 162

 174 202 206 203 202 203 200 200 206 206 209 206 213 209 211 208
 175 210 214 209 206 210 204 203 211 219 217 214 221 218 222 212
 155 210 212 210 207 209 208 208 211 212 209 207 219 217 219 212
 153 207 209 213 189 187 200 210 215 210 205 183 190 209 213 206
 154 209 208 212 113  64 190 210 214 211 204 104  66 178 209 202
 155 209 210 199  65 117 204 207 210 212 203 167  63 140 202 204
 160 208 211 177  52 172 208 208 209 211 205 193  92 129 206 207
 158 209 209 185  54 179 208 212 211 208 208 199 102 127 208 208
 160 213 209 194  58 139 206 211 211 209 205 180  78 134 206 206
 157 213 210 204  95  61 155 194 201 197 180 107  65 170 208 202
 155 211 211 209 172  76  55  90 107  90  60  50 126 203 211 213
 161 207 209 213 212 179 126  81  76  78 107 156 204 212 214 213
 164 208 208 216 218 210 211 193 187 190 206 210 209 213 214 207
 161 207 207 212 218 209 212 207 209 209 211 205 204 208 207 199
 155 203 202 201 206 207 202 199 201 204 207 198 202 204 203 189
 143 182 180 180 185 181 174 177 159 155 163 161 164 163 153 150
 144 160 162 161 162 162 162 160 163 165 165 165 165 164 162 161
 141 160 164 164 163 162 163 162 163 164 169 171 167 166 166 164
 122 163 164 163 163 164 163 162 162 162 167 168 167 165 165 168
 123 163 164 164 158 153 156 162 163 162 165 159 156 164 167 164
 124 162 164 161  98  43 147 167 162 163 164  89  58 145 164 163
 124 163 163 156  59  87 159 162 162 161 163 141  61 114 160 161
 125 162 162 145  49 135 162 160 162 162 162 157  83 100 162 164
 124 161 161 149  51 146 158 161 165 164 163 160  91  99 161 160
 125 161 161 153  55 116 158 164 163 162 163 149  71 106 161 160
 124 160 162 159  83  56 128 156 160 162 150  92  48 131 164 160
 126 162 164 161 139  67  47  74  86  76  50  40  94 158 165 162
 129 163 165 166 166 144  96  67  54  55  72 116 157 162 164 164
 125 163 166 166 165 168 167 157 149 151 159 162 162 162 164 164
 130 161 165 163 164 165 166 165 166 166 163 160 161 159 162 165
 127 163 163 164 163 163 163 163 162 162 160 160 161 161 163 160
 124 154 151 152 152 151 154 155 138 133 135 137 137 139 139 138
 135 154 155 154 157 155 150 158 159 159 158 154 160 160 157 162
 132 155 156 154 158 156 153 157 156 157 157 161 160 162 160 162
 114 153 157 161 158 155 156 159 157 157 155 158 162 161 154 162
 112 153 155 161 150 146 144 157 158 157 153 150 143 153 156 156
 113 153 153 151  95  42 137 154 155 151 153  88  54 132 156 157
 115 150 154 149  59  86 150 148 156 150 152 139  61 104 148 156
 116 151 157 139  49 126 153 152 154 155 154 154  84  93 149 155
 115 156 154 145  51 131 147 158 154 155 157 157  92  92 149 153
 119 156 155 150  56 104 145 158 154 156 155 143  71  98 150 151
 116 153 157 158  85  54 118 147 149 155 145  89  48 124 154 153
 116 153 157 161 140  67  46  70  78  73  49  41  92 153 155 156
 117 153 155 160 158 139  96  67  51  52  72 114 150 154 154 158
 118 158 155 160 158 156 159 154 142 143 154 160 158 154 151 154
 123 157 161 158 157 156 157 159 156 155 155 158 159 152 151 148
 118 157 156 153 154 157 153 154 153 152 154 153 159 154 155 146
 117 147 140 141 146 148 145 147 133 127 131 128 136 132 137 133

 208 212 212 206 202 204 207 208 206 202 213 213 207 199 189 150
 211 222 219 213 209 202 206 208 206 208 211 214 214 207 203 153
 209 218 217 209 178 140 129 127 134 170 203 212 213 208 204 163
 213 221 219 190  66  63  92 102  78  65 126 204 209 204 202 164
 206 214 207 183 104 167 193 199 180 107  50 156 210 205 198 161
 209 217 209 205 204 203 205 208 205 180  60 107 206 211 207 163
 206 219 212 210 211 212 211 208 209 197  90  78 190 209 204 155
 206 211 211 215 214 210 209 211 211 201 107  76 187 209 201 159
 200 203 208 210 210 207 208 212 211 194  90  81 193 207 199 177
 200 204 208 200 190 204 208 208 206 155  55 126 211 212 202 174
 203 210 209 187  64 117 172 179 139  61  76 179 210 209 207 181
 202 206 207 189 113  65  52  54  58  95 172 212 218 218 206 185
 203 209 210 213 212 199 177 185 194 204 209 213 216 212 201 180
 206 214 212 209 208 210 211 209 209 210 211 209 208 207 202 180
 202 210 210 207 209 209 208 209 213 213 211 207 208 207 203 182
 174 175 155 153 154 155 160 158 160 157 155 161 164 161 155 143
 161 164 168 164 163 161 164 160 160 160 162 164 164 165 160 138
 162 166 165 167 164 160 162 161 161 164 165 164 164 162 163 139
 164 166 165 164 145 114 100  99 106 131 158 162 162 159 161 139
 165 167 167 156  58  61  83  91  71  48  94 157 162 161 161 137
 165 171 168 159  89 141 157 160 149  92  40 116 162 160 160 137
 165 169 167 165 164 163 162 163 163 150  50  72 159 163 160 135
 165 164 162 162 163 161 162 164 162 162  76  55 151 166 162 133
 163 163 162 163 162 162 162 165 163 160  86  54 149 166 162 138
 160 162 162 162 167 162 160 161 164 156  74  67 157 165 163 155
 162 163 163 156 147 159 162 158 158 128  47  96 167 166 163 154
 162 162 164 153  43  87 135 146 116  56  67 144 168 165 163 151
 162 163 163 158  98  59  49  51  55  83 139 166 165 164 163 152
 161 164 163 164 161 156 145 149 153 159 161 166 166 163 164 152
 162 164 164 164 164 163 162 161 161 162 164 165 166 165 163 151
 160 160 163 163 162 163 162 161 161 160 162 163 163 161 163 154
 144 141 122 123 124 124 125 124 125 124 126 129 125 130 127 124
 162 162 162 156 157 156 155 153 151 153 156 158 154 148 146 133
 157 160 154 156 156 148 149 149 150 154 155 154 151 151 155 137
 160 162 161 153 132 104  93  92  98 124 153 154 154 152 154 132
 160 160 162 143  54  61  84  92  71  48  92 150 158 159 159 136
 154 161 158 150  88 139 154 157 143  89  41 114 160 158 153 128
 158 157 155 153 153 152 154 157 155 145  49  72 154 155 154 131
 159 157 157 157 151 150 155 155 156 155  73  52 143 155 152 127
 159 156 157 158 155 156 154 154 154 149  78  51 142 156 153 133
 158 157 159 157 154 148 152 158 158 147  70  67 154 159 154 147
 150 153 156 144 137 150 153 147 145 118  46  96 159 157 153 145
 155 156 155 146  42  86 126 131 104  54  67 139 156 156 157 148
 157 158 158 150  95  59  49  51  56  85 140 158 158 157 154 146
 154 154 161 161 151 149 139 145 150 158 161 160 160 158 153 141
 155 156 157 155 153 154 157 154 155 157 157 155 155 161 156 140
 154 155 153 153 153 150 151 156 156 153 153 153 158 157 157 147
 135 132 114 112 113 115 116 115 119 116 116 117 118 123 118 117

 150 153 163 164 161 163 155 159 177 174 181 185 180 180 182 143
 189 203 204 202 198 207 204 201 199 202 207 206 201 202 203 155
 199 207 208 204 205 211 209 209 207 212 209 218 212 207 207 161
 207 214 213 209 210 206 190 187 193 211 210 218 216 208 208 164
 213 214 212 204 156 107  78  76  81 126 179 212 213 209 207 161
 213 211 203 126  50  60  90 107  90  55  76 172 209 211 211 155
 202 208 170  65 107 180 197 201 194 155  61  95 204 210 213 157
 206 206 134  78 180 205 209 211 211 206 139  58 194 209 213 160
 208 208 127 102 199 208 208 211 212 208 179  54 185 209 209 158
 207 206 129  92 193 205 211 209 208 208 172  52 177 211 208 160
 204 202 140  63 167 203 212 210 207 204 117  65 199 210 209 155
 202 209 178  66 104 204 211 214 210 190  64 113 212 208 209 154
 206 213 209 190 183 205 210 215 210 200 187 189 213 209 207 153
 212 219 217 219 207 209 212 211 208 208 209 207 210 212 210 155
 212 222 218 221 214 217 219 211 203 204 210 206 209 214 210 175
 208 211 209 213 206 209 206 206 200 200 203 202 203 206 202 174
 138 139 139 137 137 135 133 138 155 154 151 152 152 151 154 124
 160 163 161 161 160 160 162 162 163 163 163 163 164 163 163 127
 165 162 159 161 160 163 166 166 165 166 165 164 163 165 161 130
 164 164 162 162 162 159 151 149 157 167 168 165 166 166 163 125
 164 164 162 157 116  72  55  54  67  96 144 166 166 165 163 129
 162 165 158  94  40  50  76  86  74  47  67 139 161 164 162 126
 160 164 131  48  92 150 162 160 156 128  56  83 159 162 160 124
 160 161 106  71 149 163 162 163 164 158 116  55 153 161 161 125
 160 161  99  91 160 163 164 165 161 158 146  51 149 161 161 124
 164 162 100  83 157 162 162 162 160 162 135  49 145 162 162 125
 161 160 114  61 141 163 161 162 162 159  87  59 156 163 163 124
 163 164 145  58  89 164 163 162 167 147  43  98 161 164 162 124
 164 167 164 156 159 165 162 163 162 156 153 158 164 164 163 123
 168 165 165 167 168 167 162 162 162 163 164 163 163 164 163 122
 164 166 166 167 171 169 164 163 162 163 162 163 164 164 160 141
 161 162 164 165 165 165 165 163 160 162 162 162 161 162 160 144
 133 137 132 136 128 131 127 133 147 145 148 146 141 140 147 117
 146 155 154 159 153 154 152 153 154 153 157 154 153 156 157 118
 148 151 152 159 158 155 155 156 159 157 156 157 158 161 157 123
 154 151 154 158 160 154 143 142 154 159 156 158 160 155 158 118
 158 154 154 150 114  72  52  51  67  96 139 158 160 155 153 117
 156 155 153  92  41  49  73  78  70  46  67 140 161 157 153 116
 153 154 124  48  89 145 155 149 147 118  54  85 158 157 153 116
 151 150  98  71 143 155 156 154 158 145 104  56 150 155 156 119
 153 149  92  92 157 157 155 154 158 147 131  51 145 154 156 115
 155 149  93  84 154 154 155 154 152 153 126  49 139 157 151 116
 156 148 104  61 139 152 150 156 148 150  86  59 149 154 150 115
 157 156 132  54  88 153 151 155 154 137  42  95 151 153 153 113
 156 156 153 143 150 153 157 158 157 144 146 150 161 155 153 112
 162 154 161 162 158 155 157 157 159 156 155 158 161 157 153 114
 162 160 162 160 161 157 157 156 157 153 156 158 154 156 155 132
 162 157 160 160 154 158 159 159 158 150 155 157 154 155 154 135

